#	x_axis	y_axis
	 0	0.838159
	 1	0.846129
	 2	0.575454
	 3	0.480956
	 4	0.97976
	 5	1.0642
	 6	0.790528
	 7	0.854377
	 8	0.890712
	 9	0.775433
	 10	0.735288
	 11	0.973079
	 12	0.899252
	 13	0.695708
	 14	0.504791
	 15	0.644706
	 16	0.719977
	 17	0.690408
	 18	0.83048
	 19	0.899137
	 20	0.676002
	 21	0.566661
	 22	0.671353
	 23	0.665222
	 24	0.269313
	 25	0.0939492
	 26	0.433199
	 27	0.412637
	 28	0.140793
	 29	0.289783
	 30	0.487962
	 31	0.243382
	 32	0.103353
	 33	0.384293
	 34	0.42573
	 35	-0.0557375
	 36	-0.368354
	 37	-0.412705
	 38	-0.586809
	 39	-0.584617
	 40	-0.131283
	 41	-0.184229
	 42	-1.02407
	 43	-0.962213
	 44	-0.688209
	 45	-0.564156
	 46	-0.446059
	 47	-0.216705
	 48	-0.699238
	 49	-1.61072
	 50	-0.814822
	 51	-0.655821
	 52	-0.407847
	 53	-0.534075
	 54	-0.82607
	 55	-1.00361
	 56	-1.08823
	 57	-0.796196
	 58	-0.381495
	 59	0.075818
	 60	-0.401826
	 61	-1.01989
	 62	-0.968719
	 63	-0.941872
	 64	-0.660506
	 65	-0.111122
	 66	0.129566
	 67	-0.343512
	 68	-0.652084
	 69	-0.209033
	 70	0.121619
	 71	0.108357
	 72	0.309213
	 73	0.44446
	 74	-0.0401205
	 75	-0.545991
	 76	-0.1383
	 77	0.334619
	 78	0.319954
	 79	0.195268
	 80	0.262255
	 81	0.0766714
	 82	-0.132133
	 83	0.360782
	 84	0.752219
	 85	0.6096
	 86	0.115727
	 87	-0.07487
	 88	-0.20058
	 89	-0.22507
	 90	0.153611
	 91	0.448892
	 92	0.196586
	 93	-0.274069
	 94	-0.07463
	 95	0.217114
	 96	0.166249
	 97	0.151247
	 98	0.275875
	 99	0.0391924
	 100	-0.425144
	 101	-0.225628
	 102	0.0642001
	 103	-0.096152
	 104	-0.23586
	 105	0.0978365
	 106	0.259224
	 107	0.0563363
	 108	0.0851884
	 109	0.317787
	 110	0.079058
	 111	-0.211649
	 112	0.0785509
	 113	0.210762
	 114	-0.18262
	 115	-0.358239
	 116	-0.0728628
	 117	-0.0140086
	 118	-0.094293
	 119	0.205634
	 120	0.417321
	 121	0.0942241
	 122	-0.251716
	 123	-0.00436396
	 124	0.10208
	 125	-0.102446
	 126	-0.0450286
	 127	-0.0501735
	 128	-0.489713
	 129	-0.657437
	 130	-0.158269
	 131	0.207464
	 132	-0.0198203
	 133	-0.161583
	 134	-0.0646302
	 135	-0.374083
	 136	-0.644625
	 137	-0.207615
	 138	0.171689
	 139	-0.235847
	 140	-0.803747
	 141	-0.641875
	 142	-0.479385
	 143	-0.449321
	 144	-0.0191313
	 145	0.267639
	 146	-0.15298
	 147	-0.644287
	 148	-0.430928
	 149	-0.194798
	 150	-0.277077
	 151	-0.174396
	 152	-0.116245
	 153	-0.561146
	 154	-0.805301
	 155	-0.255055
	 156	0.178322
	 157	-0.0172641
	 158	-0.122768
	 159	0.0954549
	 160	-0.0581901
	 161	-0.456315
	 162	-0.218467
	 163	0.146775
	 164	-0.117683
	 165	-0.542141
	 166	-0.315758
	 167	-0.111023
	 168	-0.262119
	 169	-0.098064
	 170	0.264343
	 171	0.158094
	 172	-0.139405
	 173	0.000402689
	 174	0.118448
	 175	-0.129242
	 176	-0.114059
	 177	0.0971005
	 178	-0.135948
	 179	-0.414776
	 180	-0.0998379
	 181	0.207273
	 182	0.0128134
	 183	-0.154594
	 184	0.17122
	 185	0.216896
	 186	-0.163015
	 187	-0.261478
	 188	-0.215354
	 189	-0.482127
	 190	-0.651175
	 191	-0.217665
	 192	-0.0228297
	 193	-0.416886
	 194	-0.513689
	 195	-0.227001
	 196	-0.282276
	 197	-0.299311
	 198	0.0937173
	 199	0.00687505
	 200	-0.77985
	 201	-0.986188
	 202	-0.672684
	 203	-0.542123
	 204	-0.461017
	 205	-0.230912
	 206	-0.513456
	 207	-1.29897
	 208	-0.850483
	 209	-0.497803
	 210	0.00545008
	 211	-0.166193
	 212	-0.669729
	 213	-1.22536
	 214	-1.32595
	 215	-0.666263
	 216	-0.380623
	 217	-0.0107105
	 218	-0.766682
	 219	-1.24031
	 220	-1.03719
	 221	-0.884738
	 222	-0.609258
	 223	-0.00196276
	 224	-0.103185
	 225	-1.30542
	 226	-1.12305
	 227	-0.796198
	 228	-0.737223
	 229	-0.592833
	 230	-0.399586
	 231	-0.584865
	 232	-1.24622
	 233	-0.97038
	 234	-0.604096
	 235	-0.317662
	 236	-0.422805
	 237	-0.53219
	 238	-0.848838
	 239	-1.34624
	 240	-0.889479
	 241	-0.56396
	 242	-0.323598
	 243	-0.736121
	 244	-0.769327
	 245	-0.584982
	 246	-0.739919
	 247	-0.72892
	 248	-0.245808
	 249	-0.0108535
	 250	-0.643701
	 251	-1.00043
	 252	-0.763949
	 253	-0.716685
	 254	-0.646476
	 255	-0.349435
	 256	-0.33877
	 257	-0.859573
	 258	-0.961895
	 259	-0.553651
	 260	-0.344101
	 261	-0.396501
	 262	-0.349472
	 263	-0.590139
	 264	-1.25567
	 265	-1.02745
	 266	-0.628046
	 267	-0.339732
	 268	-0.703337
	 269	-0.794617
	 270	-0.616498
	 271	-0.777089
	 272	-0.889684
	 273	-0.466886
	 274	-0.242133
	 275	-0.771929
	 276	-0.978689
	 277	-0.824754
	 278	-0.877259
	 279	-0.905672
	 280	-0.686075
	 281	-0.600705
	 282	-0.829906
	 283	-0.84164
	 284	-0.480866
	 285	-0.415709
	 286	-0.778297
	 287	-0.69331
	 288	-0.363685
	 289	-0.435234
	 290	-0.687377
	 291	-0.517944
	 292	-0.669617
	 293	-0.986831
	 294	-0.668228
	 295	0.0295943
	 296	0.292555
	 297	-0.108934
	 298	-0.436883
	 299	-0.448876
	 300	-0.506984
	 301	-0.328308
	 302	0.254206
	 303	0.279338
	 304	-0.489734
	 305	-0.878939
	 306	-0.4411
	 307	-0.0465867
	 308	0.268136
	 309	0.607103
	 310	0.500502
	 311	-0.221688
	 312	-0.576289
	 313	0.0275372
	 314	0.508041
	 315	0.503295
	 316	0.358698
	 317	0.0272265
	 318	-0.464131
	 319	-0.303564
	 320	0.442217
	 321	0.780632
	 322	0.663796
	 323	0.36039
	 324	0.209592
	 325	-0.0390937
	 326	-0.0123482
	 327	0.501969
	 328	0.665634
	 329	0.246324
	 330	-0.356046
	 331	-0.0762178
	 332	0.249444
	 333	0.336244
	 334	0.550697
	 335	0.682323
	 336	0.316807
	 337	-0.278763
	 338	-0.0624993
	 339	0.166611
	 340	-0.101019
	 341	-0.350677
	 342	-0.24345
	 343	-0.384728
	 344	-0.624336
	 345	-0.421997
	 346	-0.340446
	 347	-0.701382
	 348	-0.59146
	 349	-0.214249
	 350	-0.36635
	 351	-0.881748
	 352	-0.718807
	 353	-0.526963
	 354	-0.908408
	 355	-0.953342
	 356	-0.640978
	 357	-0.490076
	 358	-0.74256
	 359	-0.686507
	 360	-0.327012
	 361	-0.372019
	 362	-0.758643
	 363	-0.595148
	 364	-0.370318
	 365	-0.569742
	 366	-0.646437
	 367	-0.433738
	 368	-0.554694
	 369	-0.777003
	 370	-0.330711
	 371	0.250986
	 372	0.265116
	 373	0.037179
	 374	0.0465898
	 375	0.0251587
	 376	-0.181542
	 377	0.112183
	 378	0.545908
	 379	0.452507
	 380	-0.135491
	 381	-0.102919
	 382	0.283863
	 383	0.412726
	 384	0.654883
	 385	0.944932
	 386	0.776969
	 387	0.404088
	 388	0.346152
	 389	0.669799
	 390	0.705511
	 391	0.666393
	 392	0.699375
	 393	0.556182
	 394	0.146448
	 395	0.455716
	 396	0.935863
	 397	0.898659
	 398	0.788026
	 399	0.817812
	 400	0.737521
	 401	0.540893
	 402	0.714828
	 403	0.991011
	 404	0.847883
	 405	0.555077
	 406	0.325802
	 407	0.540644
	 408	0.711173
	 409	0.915053
	 410	0.994012
	 411	0.840131
	 412	0.631814
	 413	0.494535
	 414	0.74189
	 415	0.846721
	 416	0.757564
	 417	0.746955
	 418	0.603354
	 419	0.222642
	 420	0.258456
	 421	0.856548
	 422	0.916702
	 423	0.823134
	 424	0.782221
	 425	0.719692
	 426	0.440557
	 427	0.555295
	 428	0.976276
	 429	0.950711
	 430	0.628919
	 431	0.154917
	 432	0.190246
	 433	0.547788
	 434	0.998717
	 435	1.11397
	 436	0.850454
	 437	0.639827
	 438	0.0736626
	 439	0.409829
	 440	0.973128
	 441	1.02634
	 442	0.854733
	 443	0.648031
	 444	-0.0788319
	 445	-0.348724
	 446	0.747484
	 447	1.20093
	 448	0.802171
	 449	0.757281
	 450	0.55222
	 451	-0.0123908
	 452	0.246064
	 453	1.13311
	 454	1.06821
	 455	0.665906
	 456	0.204823
	 457	-0.039065
	 458	0.31041
	 459	0.869019
	 460	1.2491
	 461	0.885547
	 462	0.697528
	 463	0.321063
	 464	0.405041
	 465	0.804798
	 466	0.980912
	 467	0.959751
	 468	0.777568
	 469	0.307706
	 470	0.0236872
	 471	0.720437
	 472	0.971754
	 473	0.847369
	 474	0.87277
	 475	0.865028
	 476	0.655801
	 477	0.570228
	 478	0.891146
	 479	0.927158
	 480	0.688753
	 481	0.5473
	 482	0.695733
	 483	0.705775
	 484	0.70555
	 485	0.862046
	 486	0.895602
	 487	0.743405
	 488	0.759477
	 489	0.896311
	 490	0.831489
	 491	0.563389
	 492	0.477296
	 493	0.65349
	 494	0.61797
	 495	0.602306
	 496	0.758913
	 497	0.735882
	 498	0.44874
	 499	0.519246
	 500	0.923059
	 501	0.87132
	 502	0.673071
	 503	0.456583
	 504	0.25082
	 505	-0.18711
	 506	0.00306555
	 507	0.673353
	 508	0.798182
	 509	0.355115
	 510	-0.210845
	 511	-0.0854453
	 512	0.121584
	 513	0.580683
	 514	0.973663
	 515	0.753145
	 516	-0.0870601
	 517	-0.827508
	 518	-0.107711
	 519	0.451622
	 520	0.623595
	 521	0.723784
	 522	0.503449
	 523	-0.129609
	 524	-0.241514
	 525	0.56636
	 526	0.940496
	 527	0.810647
	 528	0.498428
	 529	0.251224
	 530	-0.0758568
	 531	-0.0231686
	 532	0.648413
	 533	0.875938
	 534	0.654333
	 535	0.434578
	 536	0.628525
	 537	0.721339
	 538	0.749525
	 539	0.962281
	 540	0.978492
	 541	0.753666
	 542	0.568496
	 543	0.753815
	 544	0.887358
	 545	0.807188
	 546	0.884617
	 547	0.982203
	 548	0.871089
	 549	0.820738
	 550	1.04735
	 551	1.0562
	 552	0.901829
	 553	0.923025
	 554	0.955838
	 555	0.858987
	 556	0.798325
	 557	1.02242
	 558	1.03988
	 559	0.849014
	 560	0.828323
	 561	0.958502
	 562	0.970207
	 563	0.888153
	 564	1.05133
	 565	1.09993
	 566	0.876231
	 567	0.640554
	 568	0.643943
	 569	0.895079
	 570	0.831868
	 571	0.844268
	 572	0.938085
	 573	0.798762
	 574	0.642086
	 575	0.814489
	 576	0.96618
	 577	0.870183
	 578	0.771767
	 579	0.688965
	 580	0.535519
	 581	0.239406
	 582	0.383008
	 583	0.800855
	 584	0.716631
	 585	0.413347
	 586	0.441399
	 587	0.610964
	 588	0.551863
	 589	0.632357
	 590	0.85508
	 591	0.70744
	 592	0.299928
	 593	0.200762
	 594	0.495127
	 595	0.458043
	 596	0.285562
	 597	0.507921
	 598	0.738875
	 599	0.66596
	 600	0.699148
	 601	0.820104
	 602	0.641069
	 603	0.377258
	 604	0.599146
	 605	0.785694
	 606	0.614028
	 607	0.371208
	 608	0.41077
	 609	0.347869
	 610	0.404186
	 611	0.924197
	 612	1.02786
	 613	0.788061
	 614	0.594454
	 615	0.546117
	 616	0.670965
	 617	0.852836
	 618	1.06689
	 619	0.919236
	 620	0.633163
	 621	0.236821
	 622	0.559841
	 623	0.995009
	 624	1.02275
	 625	0.955468
	 626	0.935897
	 627	0.678348
	 628	0.52301
	 629	1.0409
	 630	1.11989
	 631	0.834252
	 632	0.826482
	 633	0.751245
	 634	0.501553
	 635	0.664739
	 636	1.21484
	 637	0.972945
	 638	0.777278
	 639	0.748294
	 640	0.695471
	 641	0.619155
	 642	0.606703
	 643	0.779391
	 644	0.737092
	 645	0.292059
	 646	-0.258236
	 647	0.0987834
	 648	0.316203
	 649	0.0821828
	 650	0.0184762
	 651	0.225669
	 652	0.0604011
	 653	-0.326002
	 654	-0.273582
	 655	-0.262545
	 656	-0.752608
	 657	-0.817015
	 658	-0.51095
	 659	-0.590066
	 660	-0.773445
	 661	-0.534114
	 662	-0.468107
	 663	-0.757513
	 664	-0.661951
	 665	-0.359084
	 666	-0.640268
	 667	-1.05119
	 668	-0.71064
	 669	-0.670012
	 670	-1.0987
	 671	-0.931559
	 672	-0.609339
	 673	-0.625682
	 674	-0.926878
	 675	-0.691131
	 676	-0.414562
	 677	-0.490057
	 678	-0.629721
	 679	-0.41515
	 680	-0.56992
	 681	-1.09915
	 682	-0.798391
	 683	-0.440468
	 684	-0.330449
	 685	-0.528265
	 686	-0.387175
	 687	-0.426141
	 688	-0.748835
	 689	-0.441984
	 690	0.17996
	 691	0.139346
	 692	-0.430241
	 693	-0.513103
	 694	-0.347692
	 695	-0.524176
	 696	-0.433808
	 697	0.0613928
	 698	0.134407
	 699	-0.200256
	 700	-0.0471253
	 701	0.335197
	 702	0.23634
	 703	0.00540129
	 704	0.220609
	 705	0.299351
	 706	0.071357
	 707	0.103436
	 708	0.241478
	 709	-0.0487183
	 710	-0.282213
	 711	0.0985666
	 712	0.432982
	 713	0.33427
	 714	0.219852
	 715	0.312954
	 716	0.122048
	 717	-0.160888
	 718	0.0910487
	 719	0.29812
	 720	-0.0154545
	 721	-0.310451
	 722	-0.142075
	 723	-0.0617532
	 724	-0.148865
	 725	0.176403
	 726	0.428193
	 727	0.147474
	 728	-0.219213
	 729	-0.0103601
	 730	0.0959095
	 731	-0.0942161
	 732	-0.0507984
	 733	0.0987682
	 734	-0.214291
	 735	-0.609728
	 736	-0.192645
	 737	0.383018
	 738	0.486085
	 739	0.418028
	 740	0.246181
	 741	-0.158189
	 742	-0.369931
	 743	0.221263
	 744	0.714566
	 745	0.630698
	 746	0.04012
	 747	-0.339132
	 748	-0.412773
	 749	-0.000459853
	 750	0.839662
	 751	1.18399
	 752	0.715253
	 753	-0.173614
	 754	-0.387468
	 755	0.161917
	 756	0.56967
	 757	0.950036
	 758	0.835947
	 759	0.285177
	 760	-0.859928
	 761	-0.208007
	 762	0.746991
	 763	1.10265
	 764	0.938338
	 765	0.759651
	 766	0.266596
	 767	-0.187573
	 768	0.655984
	 769	1.12449
	 770	0.856119
	 771	0.707979
	 772	0.444549
	 773	-0.0620493
	 774	0.210284
	 775	1.1141
	 776	1.06713
	 777	0.715353
	 778	0.590495
	 779	0.519757
	 780	0.689269
	 781	0.717782
	 782	0.890964
	 783	0.9158
	 784	0.64367
	 785	0.308504
	 786	0.491058
	 787	0.749385
	 788	0.814978
	 789	0.838493
	 790	0.890855
	 791	0.740845
	 792	0.631644
	 793	0.758119
	 794	0.833229
	 795	0.578405
	 796	0.507988
	 797	0.713968
	 798	0.685917
	 799	0.553044
	 800	0.705302
	 801	0.841842
	 802	0.746385
	 803	0.708579
	 804	0.885332
	 805	0.802102
	 806	0.510611
	 807	0.19982
	 808	0.249237
	 809	0.215398
	 810	0.26425
	 811	0.584851
	 812	0.559174
	 813	-0.0198223
	 814	-0.271183
	 815	0.215986
	 816	0.517445
	 817	0.482631
	 818	0.477237
	 819	0.110968
	 820	-0.683853
	 821	-0.527603
	 822	0.0631252
	 823	0.350747
	 824	0.136783
	 825	-0.130095
	 826	-0.221626
	 827	-0.38668
	 828	-0.169811
	 829	0.367963
	 830	0.402107
	 831	-0.214501
	 832	-0.578031
	 833	-0.477039
	 834	-0.552863
	 835	-0.435692
	 836	0.0890247
	 837	0.139994
	 838	-0.450667
	 839	-0.520251
	 840	-0.00660746
	 841	0.187123
	 842	0.119045
	 843	0.20812
	 844	0.195074
	 845	-0.227805
	 846	-0.284278
	 847	0.0894637
	 848	0.168273
	 849	0.0737179
	 850	0.199532
	 851	0.241291
	 852	-0.0222156
	 853	0.0994237
	 854	0.550522
	 855	0.551034
	 856	0.125189
	 857	-0.0584114
	 858	-0.0730445
	 859	-0.344845
	 860	-0.240802
	 861	0.261425
	 862	0.281849
	 863	-0.265872
	 864	-0.423845
	 865	-0.0872492
	 866	0.00466731
	 867	0.0315701
	 868	0.223316
	 869	-0.0436976
	 870	-0.7457
	 871	-0.700359
	 872	-0.415688
	 873	-0.440807
	 874	-0.413909
	 875	-0.192847
	 876	-0.546757
	 877	-0.990723
	 878	-0.590236
	 879	-0.0425151
	 880	-0.12081
	 881	-0.608117
	 882	-0.628285
	 883	-0.88282
	 884	-1.18435
	 885	-0.745798
	 886	-0.296594
	 887	-0.41415
	 888	-0.853782
	 889	-0.794714
	 890	-0.750842
	 891	-0.826515
	 892	-0.52316
	 893	-0.226495
	 894	-0.676527
	 895	-1.10946
	 896	-0.821264
	 897	-0.827521
	 898	-0.943884
	 899	-0.750271
	 900	-0.511039
	 901	-0.781701
	 902	-0.994335
	 903	-0.603245
	 904	-0.356376
	 905	-0.637028
	 906	-0.730473
	 907	-0.506761
	 908	-0.675735
	 909	-0.978318
	 910	-0.697308
	 911	-0.549626
	 912	-0.736781
	 913	-0.678032
	 914	-0.188516
	 915	-0.0341397
	 916	-0.359821
	 917	-0.379618
	 918	-0.175056
	 919	-0.31228
	 920	-0.345698
	 921	0.129418
	 922	0.207512
	 923	-0.361865
	 924	-0.487577
	 925	-0.144135
	 926	0.102016
	 927	0.443969
	 928	0.741833
	 929	0.644804
	 930	0.0190122
	 931	-0.226834
	 932	0.357362
	 933	0.640556
	 934	0.684199
	 935	0.658066
	 936	0.284641
	 937	-0.516962
	 938	-0.212545
	 939	0.68162
	 940	0.921543
	 941	0.697954
	 942	0.411179
	 943	0.210206
	 944	-0.129553
	 945	0.00208868
	 946	0.43633
	 947	0.349152
	 948	-0.163498
	 949	-0.251435
	 950	-0.0778693
	 951	-0.182659
	 952	-0.224159
	 953	0.0536787
	 954	0.0488329
	 955	-0.305549
	 956	-0.209573
	 957	-0.0122185
	 958	-0.512452
	 959	-1.022
	 960	-0.622379
	 961	-0.366062
	 962	-0.646911
	 963	-0.603686
	 964	-0.463035
	 965	-0.643181
	 966	-0.878144
	 967	-0.539039
	 968	-0.368254
	 969	-0.718644
	 970	-0.841058
	 971	-0.815836
	 972	-1.20476
	 973	-1.0261
	 974	-0.725054
	 975	-0.716805
	 976	-1.03982
	 977	-0.900085
	 978	-0.768788
	 979	-0.911717
	 980	-0.921046
	 981	-0.593797
	 982	-0.572207
	 983	-1.20928
	 984	-1.06687
	 985	-0.836131
	 986	-0.83321
	 987	-0.846748
	 988	-0.706832
	 989	-0.770751
	 990	-1.16779
	 991	-1.02344
	 992	-0.647227
	 993	-0.321828
	 994	-0.481199
	 995	-0.69905
	 996	-0.740955
	 997	-1.06661
	 998	-0.940921
	 999	-0.568329
	 1000	-0.262186
	 1001	-0.563355
	 1002	-0.601987
	 1003	-0.203158
	 1004	-0.135607
	 1005	-0.397217
	 1006	-0.2431
	 1007	0.0300717
	 1008	-0.162184
	 1009	-0.322851
	 1010	-0.0165285
	 1011	0.0234066
	 1012	-0.348785
	 1013	-0.333257
	 1014	0.0814028
	 1015	0.190963
	 1016	0.157957
	 1017	0.334354
	 1018	0.349709
	 1019	-0.0587775
	 1020	-0.175665
	 1021	0.236213
	 1022	0.251963
	 1023	-0.0746373
	 1024	-0.157282
	 1025	-0.0724379
	 1026	-0.242389
	 1027	-0.178583
	 1028	0.236457
	 1029	0.337579
	 1030	0.0107247
	 1031	-0.110016
	 1032	0.0401348
	 1033	-0.153611
	 1034	-0.273692
	 1035	-0.0197314
	 1036	-0.0579379
	 1037	-0.555359
	 1038	-0.578853
	 1039	-0.11961
	 1040	-0.011017
	 1041	-0.121591
	 1042	0.107308
	 1043	0.158683
	 1044	-0.347198
	 1045	-0.541909
	 1046	-0.0222478
	 1047	0.260598
	 1048	0.0993851
	 1049	-0.206261
	 1050	-0.46004
	 1051	-0.68978
	 1052	-0.370197
	 1053	0.44617
	 1054	0.739421
	 1055	0.470577
	 1056	-0.181745
	 1057	-0.403193
	 1058	-0.372805
	 1059	0.270284
	 1060	0.863785
	 1061	0.819562
	 1062	-0.115148
	 1063	-0.918824
	 1064	-0.334908
	 1065	0.398567
	 1066	0.883795
	 1067	1.14026
	 1068	0.781841
	 1069	-0.108089
	 1070	-0.848921
	 1071	0.213196
	 1072	0.974911
	 1073	0.973049
	 1074	0.668702
	 1075	0.109547
	 1076	-0.833464
	 1077	-0.190876
	 1078	0.880657
	 1079	1.0889
	 1080	0.780248
	 1081	0.577604
	 1082	0.271761
	 1083	0.0142478
	 1084	0.317526
	 1085	0.934377
	 1086	0.811772
	 1087	0.397674
	 1088	-0.118328
	 1089	0.187504
	 1090	0.413884
	 1091	0.533242
	 1092	0.835318
	 1093	0.861925
	 1094	0.529218
	 1095	0.238479
	 1096	0.520506
	 1097	0.552363
	 1098	0.325363
	 1099	0.291393
	 1100	0.429345
	 1101	0.270771
	 1102	0.14299
	 1103	0.423793
	 1104	0.458027
	 1105	0.182125
	 1106	0.303503
	 1107	0.687143
	 1108	0.527577
	 1109	0.00993465
	 1110	-0.18103
	 1111	-0.192669
	 1112	-0.322718
	 1113	-0.0636336
	 1114	0.366317
	 1115	0.14693
	 1116	-0.553287
	 1117	-0.549466
	 1118	-0.157757
	 1119	0.0162972
	 1120	0.132644
	 1121	0.254057
	 1122	-0.300842
	 1123	-1.08237
	 1124	-0.844178
	 1125	-0.268596
	 1126	-0.0916152
	 1127	-0.270122
	 1128	-0.265744
	 1129	-0.557321
	 1130	-0.884951
	 1131	-0.500862
	 1132	0.16413
	 1133	0.200384
	 1134	-0.393662
	 1135	-0.679182
	 1136	-0.693253
	 1137	-0.818035
	 1138	-0.49466
	 1139	0.0336284
	 1140	-0.0666188
	 1141	-0.535982
	 1142	-0.320465
	 1143	0.0514183
	 1144	0.000426569
	 1145	-0.00895029
	 1146	0.328651
	 1147	0.2912
	 1148	-0.170169
	 1149	-0.147687
	 1150	0.261555
	 1151	0.227037
	 1152	0.0822775
	 1153	0.36547
	 1154	0.598617
	 1155	0.508732
	 1156	0.567348
	 1157	0.78272
	 1158	0.694207
	 1159	0.535128
	 1160	0.613261
	 1161	0.698625
	 1162	0.512557
	 1163	0.411651
	 1164	0.619801
	 1165	0.609523
	 1166	0.527471
	 1167	0.833599
	 1168	0.949528
	 1169	0.739243
	 1170	0.663008
	 1171	0.820573
	 1172	0.827823
	 1173	0.548542
	 1174	0.364928
	 1175	0.626751
	 1176	0.665378
	 1177	0.511166
	 1178	0.578041
	 1179	0.641674
	 1180	0.387739
	 1181	0.260082
	 1182	0.682791
	 1183	0.841521
	 1184	0.671485
	 1185	0.333239
	 1186	0.0726785
	 1187	-0.309472
	 1188	-0.113686
	 1189	0.512699
	 1190	0.70074
	 1191	0.29261
	 1192	-0.190229
	 1193	0.014126
	 1194	0.137352
	 1195	0.298064
	 1196	0.64463
	 1197	0.65115
	 1198	-0.0411254
	 1199	-0.688528
	 1200	-0.236863
	 1201	0.153203
	 1202	0.123489
	 1203	0.0933459
	 1204	0.0931403
	 1205	-0.2398
	 1206	-0.429141
	 1207	0.0642131
	 1208	0.406243
	 1209	0.228115
	 1210	-0.107412
	 1211	-0.24307
	 1212	-0.43952
	 1213	-0.53972
	 1214	-0.0824313
	 1215	0.256634
	 1216	-0.0367649
	 1217	-0.377909
	 1218	-0.057903
	 1219	0.138783
	 1220	0.040417
	 1221	0.199994
	 1222	0.434078
	 1223	0.239351
	 1224	-0.127291
	 1225	0.152963
	 1226	0.384058
	 1227	0.134206
	 1228	0.100871
	 1229	0.616891
	 1230	0.861205
	 1231	0.891546
	 1232	0.885621
	 1233	0.777624
	 1234	0.495577
	 1235	0.613417
	 1236	1.02189
	 1237	0.949669
	 1238	0.790926
	 1239	0.664332
	 1240	0.565697
	 1241	0.497703
	 1242	0.858808
	 1243	1.17993
	 1244	0.880197
	 1245	0.719151
	 1246	0.609552
	 1247	0.724419
	 1248	0.841269
	 1249	0.847421
	 1250	0.909911
	 1251	0.825805
	 1252	0.526922
	 1253	0.227185
	 1254	0.540426
	 1255	0.733808
	 1256	0.620393
	 1257	0.574807
	 1258	0.648594
	 1259	0.53048
	 1260	0.256542
	 1261	0.251046
	 1262	0.181219
	 1263	-0.195659
	 1264	-0.155555
	 1265	0.212461
	 1266	0.147746
	 1267	-0.253009
	 1268	-0.17453
	 1269	0.0654255
	 1270	-0.0799174
	 1271	-0.2292
	 1272	0.0606403
	 1273	-0.0374361
	 1274	-0.824652
	 1275	-1.0305
	 1276	-0.671413
	 1277	-0.589599
	 1278	-0.627617
	 1279	-0.516649
	 1280	-0.712011
	 1281	-1.14243
	 1282	-0.940006
	 1283	-0.525754
	 1284	-0.247138
	 1285	-0.610836
	 1286	-0.961781
	 1287	-1.21099
	 1288	-1.05261
	 1289	-0.750702
	 1290	-0.449182
	 1291	-0.284592
	 1292	-1.10625
	 1293	-1.0286
	 1294	-0.912668
	 1295	-0.842401
	 1296	-0.549919
	 1297	-0.0232115
	 1298	-0.200632
	 1299	-1.38689
	 1300	-1.02818
	 1301	-0.7471
	 1302	-0.479768
	 1303	-0.256145
	 1304	-0.152555
	 1305	-0.288069
	 1306	-0.879609
	 1307	-0.800237
	 1308	-0.124288
	 1309	0.278861
	 1310	0.113029
	 1311	-0.142016
	 1312	-0.35635
	 1313	-0.651992
	 1314	-0.595198
	 1315	-0.0459514
	 1316	0.325892
	 1317	0.0319979
	 1318	-0.343407
	 1319	-0.126894
	 1320	-0.00897511
	 1321	-0.00811313
	 1322	0.284267
	 1323	0.398921
	 1324	-0.0907011
	 1325	-0.418594
	 1326	-0.127374
	 1327	-0.0397265
	 1328	-0.217109
	 1329	-0.0573482
	 1330	0.183372
	 1331	-0.00111805
	 1332	-0.136452
	 1333	0.224418
	 1334	0.307323
	 1335	-0.047182
	 1336	-0.133977
	 1337	0.139518
	 1338	0.0823617
	 1339	-0.268324
	 1340	-0.225669
	 1341	-0.0780096
	 1342	-0.261555
	 1343	-0.161425
	 1344	0.254646
	 1345	0.27197
	 1346	-0.0381112
	 1347	-0.0813495
	 1348	0.0258377
	 1349	-0.128758
	 1350	-0.0911515
	 1351	0.207779
	 1352	0.030399
	 1353	-0.550001
	 1354	-0.457758
	 1355	0.0655351
	 1356	0.216567
	 1357	0.259192
	 1358	0.467513
	 1359	0.340663
	 1360	-0.355513
	 1361	-0.338423
	 1362	0.339062
	 1363	0.598639
	 1364	0.469877
	 1365	0.0449033
	 1366	-0.267612
	 1367	-0.407022
	 1368	0.0953593
	 1369	0.84707
	 1370	0.970032
	 1371	0.632241
	 1372	0.187769
	 1373	-0.0274386
	 1374	-0.0420977
	 1375	0.457492
	 1376	0.892888
	 1377	0.689172
	 1378	-0.0472446
	 1379	-0.411726
	 1380	0.141335
	 1381	0.460526
	 1382	0.659384
	 1383	0.863388
	 1384	0.734678
	 1385	0.220457
	 1386	-0.0202074
	 1387	0.437999
	 1388	0.584993
	 1389	0.355304
	 1390	0.302043
	 1391	0.376588
	 1392	0.211976
	 1393	0.2205
	 1394	0.569913
	 1395	0.601987
	 1396	0.452107
	 1397	0.587462
	 1398	0.807464
	 1399	0.589127
	 1400	0.182397
	 1401	0.187219
	 1402	0.214034
	 1403	0.124413
	 1404	0.472396
	 1405	0.758764
	 1406	0.474471
	 1407	-0.232269
	 1408	-0.114498
	 1409	0.453198
	 1410	0.718413
	 1411	0.834015
	 1412	0.684161
	 1413	-0.0642213
	 1414	-0.906514
	 1415	-0.230397
	 1416	0.513883
	 1417	0.693872
	 1418	0.541532
	 1419	0.112001
	 1420	-0.337991
	 1421	-0.395714
	 1422	0.35064
	 1423	0.955949
	 1424	0.803733
	 1425	0.0954499
	 1426	-0.707169
	 1427	-0.546408
	 1428	-0.250517
	 1429	0.323512
	 1430	0.686201
	 1431	0.230402
	 1432	-0.948118
	 1433	-0.716144
	 1434	-0.186947
	 1435	0.19679
	 1436	0.404378
	 1437	0.292382
	 1438	-0.806102
	 1439	-1.29993
	 1440	-0.822452
	 1441	-0.189763
	 1442	0.227601
	 1443	-0.084635
	 1444	-0.477924
	 1445	-0.881697
	 1446	-0.990065
	 1447	-0.400547
	 1448	0.399306
	 1449	0.45338
	 1450	-0.283259
	 1451	-1.00132
	 1452	-0.819284
	 1453	-0.741384
	 1454	-0.202376
	 1455	0.395742
	 1456	0.10967
	 1457	-0.916407
	 1458	-0.825805
	 1459	-0.374734
	 1460	-0.00105884
	 1461	0.133125
	 1462	0.326772
	 1463	-0.136329
	 1464	-1.12131
	 1465	-0.836193
	 1466	-0.196906
	 1467	0.195183
	 1468	-0.0345639
	 1469	-0.14741
	 1470	-0.189189
	 1471	-0.408404
	 1472	-0.26333
	 1473	0.322382
	 1474	0.510218
	 1475	0.133222
	 1476	-0.454274
	 1477	-0.497064
	 1478	-0.518932
	 1479	-0.284303
	 1480	0.244013
	 1481	0.241606
	 1482	-0.512953
	 1483	-0.791293
	 1484	-0.391979
	 1485	-0.0612923
	 1486	0.0658923
	 1487	0.346024
	 1488	-0.0476827
	 1489	-1.15849
	 1490	-1.11125
	 1491	-0.520886
	 1492	0.0781073
	 1493	-0.0732716
	 1494	-0.336692
	 1495	-0.606884
	 1496	-0.871676
	 1497	-0.759726
	 1498	-0.0976001
	 1499	0.312098
	 1500	-0.151081
	 1501	-0.844066
	 1502	-0.927409
	 1503	-0.946157
	 1504	-0.778375
	 1505	-0.208778
	 1506	0.0139113
	 1507	-0.718463
	 1508	-0.988696
	 1509	-0.691011
	 1510	-0.422508
	 1511	-0.351906
	 1512	-0.200731
	 1513	-0.247456
	 1514	-1.03267
	 1515	-1.14053
	 1516	-0.70351
	 1517	-0.351567
	 1518	-0.353438
	 1519	-0.505545
	 1520	-0.538362
	 1521	-0.772935
	 1522	-0.901824
	 1523	-0.348995
	 1524	0.153971
	 1525	-0.128577
	 1526	-0.72458
	 1527	-0.595154
	 1528	-0.481614
	 1529	-0.656624
	 1530	-0.361966
	 1531	0.0724053
	 1532	0.0139468
	 1533	-0.266223
	 1534	-0.00437201
	 1535	0.342887
	 1536	0.239601
	 1537	0.144176
	 1538	0.354969
	 1539	0.358119
	 1540	0.132303
	 1541	0.22808
	 1542	0.401388
	 1543	0.199783
	 1544	0.147032
	 1545	0.573692
	 1546	0.732901
	 1547	0.544883
	 1548	0.552483
	 1549	0.736543
	 1550	0.592629
	 1551	0.289946
	 1552	0.443618
	 1553	0.589489
	 1554	0.300385
	 1555	0.102785
	 1556	0.46259
	 1557	0.562415
	 1558	0.315712
	 1559	0.374336
	 1560	0.615047
	 1561	0.552897
	 1562	0.432008
	 1563	0.515543
	 1564	0.435755
	 1565	-0.0101902
	 1566	-0.0777081
	 1567	0.211962
	 1568	0.193423
	 1569	0.0616167
	 1570	0.228284
	 1571	0.242031
	 1572	-0.111349
	 1573	-0.0451254
	 1574	0.426059
	 1575	0.398266
	 1576	-0.101028
	 1577	-0.245468
	 1578	-0.145327
	 1579	-0.386886
	 1580	-0.482545
	 1581	-0.0531554
	 1582	0.0578413
	 1583	-0.458675
	 1584	-0.660213
	 1585	-0.34108
	 1586	-0.217317
	 1587	-0.192396
	 1588	0.0458397
	 1589	-0.252288
	 1590	-1.0182
	 1591	-0.921144
	 1592	-0.488546
	 1593	-0.325938
	 1594	-0.369308
	 1595	-0.201672
	 1596	-0.36242
	 1597	-0.802704
	 1598	-0.57943
	 1599	0.121196
	 1600	0.28687
	 1601	-0.1033
	 1602	-0.383057
	 1603	-0.447245
	 1604	-0.652203
	 1605	-0.51231
	 1606	0.12551
	 1607	0.278445
	 1608	-0.173622
	 1609	-0.467798
	 1610	-0.198977
	 1611	-0.048119
	 1612	0.162526
	 1613	0.527472
	 1614	0.325371
	 1615	-0.49533
	 1616	-0.729214
	 1617	-0.261372
	 1618	0.106967
	 1619	0.171779
	 1620	0.284065
	 1621	0.0798146
	 1622	-0.508665
	 1623	-0.441381
	 1624	0.252906
	 1625	0.550942
	 1626	0.341908
	 1627	-0.0563919
	 1628	-0.363117
	 1629	-0.639176
	 1630	-0.500095
	 1631	0.0842966
	 1632	0.263672
	 1633	-0.192837
	 1634	-0.470747
	 1635	-0.179893
	 1636	-0.106482
	 1637	-0.0965765
	 1638	0.249759
	 1639	0.31634
	 1640	-0.256838
	 1641	-0.620162
	 1642	-0.23584
	 1643	-0.0745198
	 1644	-0.297334
	 1645	-0.211872
	 1646	0.00915877
	 1647	-0.107206
	 1648	-0.257172
	 1649	0.0123587
	 1650	0.116646
	 1651	-0.193111
	 1652	-0.234059
	 1653	0.00167737
	 1654	-0.117976
	 1655	-0.407475
	 1656	-0.286639
	 1657	-0.137833
	 1658	-0.343166
	 1659	-0.163132
	 1660	0.395975
	 1661	0.457519
	 1662	-0.00358951
	 1663	-0.255974
	 1664	0.0793658
	 1665	0.194188
	 1666	0.233179
	 1667	0.477644
	 1668	0.394823
	 1669	-0.28093
	 1670	-0.45096
	 1671	0.202851
	 1672	0.700833
	 1673	0.809589
	 1674	0.772158
	 1675	0.507308
	 1676	-0.0980588
	 1677	-0.0938355
	 1678	0.522223
	 1679	0.716011
	 1680	0.434669
	 1681	0.0581036
	 1682	0.0194254
	 1683	-0.138985
	 1684	0.0627905
	 1685	0.663443
	 1686	0.809607
	 1687	0.428732
	 1688	-0.0521773
	 1689	0.151274
	 1690	0.249743
	 1691	0.112647
	 1692	0.204161
	 1693	0.284157
	 1694	-0.0828416
	 1695	-0.345004
	 1696	0.0124572
	 1697	0.255074
	 1698	0.135598
	 1699	0.154188
	 1700	0.315858
	 1701	0.181435
	 1702	-0.072812
	 1703	0.00397044
	 1704	-0.034312
	 1705	-0.422129
	 1706	-0.372408
	 1707	0.0854266
	 1708	0.12898
	 1709	-0.341879
	 1710	-0.48891
	 1711	-0.284788
	 1712	-0.267782
	 1713	-0.0855865
	 1714	0.375161
	 1715	0.156191
	 1716	-0.871569
	 1717	-0.997402
	 1718	-0.571446
	 1719	-0.186904
	 1720	-0.0458655
	 1721	0.168047
	 1722	-0.154613
	 1723	-0.903035
	 1724	-0.680717
	 1725	0.143023
	 1726	0.479903
	 1727	0.312009
	 1728	-0.0369529
	 1729	-0.485352
	 1730	-0.788451
	 1731	-0.618576
	 1732	0.110874
	 1733	0.390746
	 1734	-0.0501895
	 1735	-0.609998
	 1736	-0.527522
	 1737	-0.39563
	 1738	-0.0725571
	 1739	0.434595
	 1740	0.336381
	 1741	-0.654659
	 1742	-1.01124
	 1743	-0.690915
	 1744	-0.432788
	 1745	-0.259852
	 1746	0.0783596
	 1747	-0.112463
	 1748	-1.02239
	 1749	-0.893244
	 1750	-0.231497
	 1751	0.29549
	 1752	0.0967212
	 1753	-0.278874
	 1754	-0.5466
	 1755	-0.929635
	 1756	-0.813341
	 1757	-0.248504
	 1758	0.129045
	 1759	-0.171112
	 1760	-0.554518
	 1761	-0.441126
	 1762	-0.401915
	 1763	-0.292912
	 1764	0.146849
	 1765	0.233194
	 1766	-0.33393
	 1767	-0.623172
	 1768	-0.243371
	 1769	-0.20095
	 1770	-0.46245
	 1771	-0.147238
	 1772	0.201483
	 1773	0.0293617
	 1774	-0.116157
	 1775	0.238925
	 1776	0.404665
	 1777	0.114869
	 1778	0.015472
	 1779	0.222189
	 1780	0.0748454
	 1781	-0.200132
	 1782	0.0134266
	 1783	0.1937
	 1784	0.0314078
	 1785	-0.0206299
	 1786	0.159516
	 1787	0.101807
	 1788	-0.00720721
	 1789	0.331743
	 1790	0.488695
	 1791	0.0487264
	 1792	-0.367226
	 1793	-0.125028
	 1794	-0.0700198
	 1795	-0.264236
	 1796	-0.0910033
	 1797	0.203175
	 1798	-0.0541052
	 1799	-0.395643
	 1800	-0.0380185
	 1801	0.216022
	 1802	0.00929978
	 1803	-0.117527
	 1804	-0.12033
	 1805	-0.450487
	 1806	-0.723855
	 1807	-0.441488
	 1808	-0.223945
	 1809	-0.462607
	 1810	-0.514012
	 1811	-0.261888
	 1812	-0.407838
	 1813	-0.572723
	 1814	-0.206562
	 1815	-0.0668694
	 1816	-0.519074
	 1817	-0.777219
	 1818	-0.463251
	 1819	-0.564046
	 1820	-0.89503
	 1821	-0.589312
	 1822	-0.323366
	 1823	-0.505483
	 1824	-0.616378
	 1825	-0.246533
	 1826	-0.172821
	 1827	-0.60568
	 1828	-0.653216
	 1829	-0.247076
	 1830	-0.230925
	 1831	-0.449639
	 1832	-0.348512
	 1833	-0.475294
	 1834	-0.789127
	 1835	-0.492625
	 1836	0.187771
	 1837	0.376026
	 1838	0.117645
	 1839	-0.0690032
	 1840	-0.182673
	 1841	-0.416732
	 1842	-0.15063
	 1843	0.420151
	 1844	0.43401
	 1845	-0.306716
	 1846	-0.659377
	 1847	-0.260649
	 1848	0.043923
	 1849	0.353674
	 1850	0.723585
	 1851	0.638227
	 1852	-0.129793
	 1853	-0.510793
	 1854	0.0811583
	 1855	0.452759
	 1856	0.549382
	 1857	0.514042
	 1858	-0.0289329
	 1859	-0.735784
	 1860	-0.374414
	 1861	0.402825
	 1862	0.713567
	 1863	0.611808
	 1864	0.262574
	 1865	-0.128179
	 1866	-0.510522
	 1867	-0.189394
	 1868	0.488635
	 1869	0.580629
	 1870	-0.139199
	 1871	-0.818716
	 1872	-0.492137
	 1873	-0.248569
	 1874	-0.0325118
	 1875	0.385924
	 1876	0.330898
	 1877	-0.4381
	 1878	-0.849893
	 1879	-0.467962
	 1880	-0.329039
	 1881	-0.456552
	 1882	-0.439982
	 1883	-0.696938
	 1884	-1.20446
	 1885	-0.888718
	 1886	-0.523865
	 1887	-0.451899
	 1888	-0.703693
	 1889	-0.665656
	 1890	-0.719453
	 1891	-1.22008
	 1892	-0.965725
	 1893	-0.631918
	 1894	-0.727906
	 1895	-1.1292
	 1896	-0.944181
	 1897	-0.889333
	 1898	-1.02117
	 1899	-0.927457
	 1900	-0.701133
	 1901	-0.723834
	 1902	-1.07542
	 1903	-0.91156
	 1904	-0.821162
	 1905	-1.06521
	 1906	-1.05719
	 1907	-0.87165
	 1908	-0.98948
	 1909	-1.14978
	 1910	-0.84896
	 1911	-0.820797
	 1912	-1.04339
	 1913	-1.15248
	 1914	-0.765378
	 1915	-0.649377
	 1916	-0.928241
	 1917	-1.01117
	 1918	-0.940723
	 1919	-1.10625
	 1920	-1.01648
	 1921	-0.836852
	 1922	-0.790062
	 1923	-1.04454
	 1924	-1.0562
	 1925	-0.784199
	 1926	-0.869223
	 1927	-1.01499
	 1928	-0.857377
	 1929	-0.725799
	 1930	-1.05956
	 1931	-1.06938
	 1932	-0.85087
	 1933	-0.920728
	 1934	-1.16453
	 1935	-0.919137
	 1936	-0.783261
	 1937	-0.895545
	 1938	-1.07567
	 1939	-0.817946
	 1940	-0.750985
	 1941	-1.01581
	 1942	-0.969215
	 1943	-0.81091
	 1944	-0.931014
	 1945	-1.0869
	 1946	-0.850865
	 1947	-0.937613
	 1948	-1.12935
	 1949	-0.946112
	 1950	-0.457966
	 1951	-0.172669
	 1952	-0.801106
	 1953	-1.00022
	 1954	-0.841491
	 1955	-0.811569
	 1956	-0.665646
	 1957	-0.149022
	 1958	-0.179504
	 1959	-1.29401
	 1960	-1.0483
	 1961	-0.712354
	 1962	-0.22431
	 1963	0.178107
	 1964	0.329103
	 1965	-0.142689
	 1966	-1.14816
	 1967	-0.943127
	 1968	-0.187
	 1969	0.49222
	 1970	0.489199
	 1971	0.116136
	 1972	-0.757497
	 1973	-1.13494
	 1974	-0.549187
	 1975	0.68938
	 1976	0.912402
	 1977	0.628844
	 1978	-0.287928
	 1979	-0.706757
	 1980	-0.473427
	 1981	0.142311
	 1982	0.742219
	 1983	0.715519
	 1984	-0.152013
	 1985	-0.975301
	 1986	-0.522503
	 1987	0.0729863
	 1988	0.648004
	 1989	0.933248
	 1990	0.666354
	 1991	-0.4405
	 1992	-0.738443
	 1993	0.0618567
	 1994	0.557782
	 1995	0.65259
	 1996	0.56062
	 1997	-0.130351
	 1998	-0.942178
	 1999	-0.48237
	 2000	0.456075
	 2001	0.798462
	 2002	0.704642
	 2003	0.234946
	 2004	-0.329338
	 2005	-0.537085
	 2006	-0.0271869
	 2007	0.611291
	 2008	0.653636
	 2009	0.0190883
	 2010	-0.615073
	 2011	-0.380127
	 2012	-0.18721
	 2013	0.20455
	 2014	0.663366
	 2015	0.542136
	 2016	-0.240521
	 2017	-0.430085
	 2018	-0.0127916
	 2019	0.0952856
	 2020	0.046481
	 2021	0.141123
	 2022	-0.0424541
	 2023	-0.541131
	 2024	-0.339905
	 2025	0.227418
	 2026	0.37346
	 2027	0.309883
	 2028	0.379339
	 2029	0.346721
	 2030	-0.0482706
	 2031	0.0191494
	 2032	0.394143
	 2033	0.289293
	 2034	-0.0884097
	 2035	0.0553949
	 2036	0.283312
	 2037	0.0928646
	 2038	0.0582154
	 2039	0.335003
	 2040	0.307174
	 2041	0.207817
	 2042	0.425422
	 2043	0.505522
	 2044	0.0340683
	 2045	-0.325492
	 2046	-0.0691454
	 2047	-0.00343124
	 2048	-0.112752
	 2049	0.138882
	 2050	0.217956
	 2051	-0.312496
	 2052	-0.545794
	 2053	-0.00490357
	 2054	0.29735
	 2055	0.113162
	 2056	-0.104493
	 2057	-0.276297
	 2058	-0.704381
	 2059	-0.839205
	 2060	-0.361821
	 2061	-0.0452008
	 2062	-0.366285
	 2063	-0.488638
	 2064	-0.396419
	 2065	-0.513019
	 2066	-0.468179
	 2067	-0.0380008
	 2068	-0.0257805
	 2069	-0.609156
	 2070	-0.649368
	 2071	-0.389625
	 2072	-0.552709
	 2073	-0.815535
	 2074	-0.354417
	 2075	-0.130679
	 2076	-0.439776
	 2077	-0.463193
	 2078	-0.0384879
	 2079	-0.0194473
	 2080	-0.380994
	 2081	-0.314349
	 2082	-0.175867
	 2083	-0.527549
	 2084	-0.692372
	 2085	-0.371981
	 2086	-0.310625
	 2087	-0.556376
	 2088	-0.348626
	 2089	-0.272095
	 2090	-0.548575
	 2091	-0.477795
	 2092	-0.00965228
	 2093	0.0096284
	 2094	-0.607064
	 2095	-0.628647
	 2096	-0.49293
	 2097	-0.742346
	 2098	-0.768985
	 2099	-0.297043
	 2100	-0.192835
	 2101	-0.744979
	 2102	-0.707663
	 2103	-0.339723
	 2104	-0.337322
	 2105	-0.501674
	 2106	-0.32455
	 2107	-0.418895
	 2108	-0.941804
	 2109	-0.845945
	 2110	-0.600391
	 2111	-0.688175
	 2112	-0.834429
	 2113	-0.585501
	 2114	-0.560104
	 2115	-0.90711
	 2116	-0.76153
	 2117	-0.339073
	 2118	-0.439835
	 2119	-0.898543
	 2120	-0.799247
	 2121	-0.775157
	 2122	-1.04813
	 2123	-0.817129
	 2124	-0.625633
	 2125	-0.638037
	 2126	-0.915476
	 2127	-0.648005
	 2128	-0.305685
	 2129	-0.530713
	 2130	-0.761879
	 2131	-0.466269
	 2132	-0.329171
	 2133	-0.593499
	 2134	-0.494767
	 2135	-0.234627
	 2136	-0.595874
	 2137	-0.907829
	 2138	-0.477413
	 2139	0.0865158
	 2140	0.144119
	 2141	0.0845351
	 2142	0.0834659
	 2143	-0.231651
	 2144	-0.463724
	 2145	-0.0792078
	 2146	0.290473
	 2147	0.0932065
	 2148	-0.310302
	 2149	-0.293078
	 2150	-0.243705
	 2151	-0.310105
	 2152	0.119951
	 2153	0.533244
	 2154	0.352605
	 2155	-0.110314
	 2156	0.0383657
	 2157	0.262709
	 2158	0.0654451
	 2159	0.0519362
	 2160	0.325751
	 2161	0.175123
	 2162	-0.207259
	 2163	0.0463413
	 2164	0.403402
	 2165	0.399133
	 2166	0.40891
	 2167	0.570644
	 2168	0.468664
	 2169	0.203404
	 2170	0.297607
	 2171	0.445441
	 2172	0.224779
	 2173	0.0224788
	 2174	0.263527
	 2175	0.262095
	 2176	-0.0358466
	 2177	0.231449
	 2178	0.659797
	 2179	0.504152
	 2180	0.137757
	 2181	0.245038
	 2182	0.379235
	 2183	0.0828274
	 2184	-0.0174012
	 2185	0.244539
	 2186	0.0796088
	 2187	-0.371377
	 2188	-0.225224
	 2189	0.118731
	 2190	0.225715
	 2191	0.263279
	 2192	0.379156
	 2193	0.134244
	 2194	-0.339311
	 2195	-0.0914245
	 2196	0.334506
	 2197	0.234979
	 2198	-0.0409845
	 2199	-0.0697076
	 2200	-0.181161
	 2201	-0.391261
	 2202	0.00427481
	 2203	0.513772
	 2204	0.455846
	 2205	0.0189144
	 2206	-0.0536279
	 2207	0.104593
	 2208	-0.0696957
	 2209	-0.0222528
	 2210	0.255236
	 2211	0.068569
	 2212	-0.441597
	 2213	-0.285402
	 2214	0.0816961
	 2215	0.0805666
	 2216	0.0905731
	 2217	0.3063
	 2218	0.226676
	 2219	-0.130001
	 2220	-0.0664022
	 2221	0.144854
	 2222	-0.0893715
	 2223	-0.381617
	 2224	-0.175094
	 2225	-0.0442817
	 2226	-0.317516
	 2227	-0.272586
	 2228	0.0456917
	 2229	-0.0667122
	 2230	-0.269031
	 2231	0.0098463
	 2232	0.127002
	 2233	-0.289313
	 2234	-0.509175
	 2235	-0.319691
	 2236	-0.425699
	 2237	-0.639062
	 2238	-0.212831
	 2239	0.0115187
	 2240	-0.537721
	 2241	-0.79481
	 2242	-0.375878
	 2243	-0.0670795
	 2244	-0.151792
	 2245	-0.112219
	 2246	-0.304649
	 2247	-0.963824
	 2248	-1.02608
	 2249	-0.523427
	 2250	-0.168555
	 2251	-0.333584
	 2252	-0.370009
	 2253	-0.282248
	 2254	-0.465973
	 2255	-0.410669
	 2256	0.0855722
	 2257	0.196478
	 2258	-0.206971
	 2259	-0.1912
	 2260	0.170389
	 2261	0.0805312
	 2262	-0.306402
	 2263	-0.17644
	 2264	0.142303
	 2265	0.20844
	 2266	0.524496
	 2267	0.952535
	 2268	0.787231
	 2269	0.319098
	 2270	0.104381
	 2271	0.609069
	 2272	0.861268
	 2273	0.902912
	 2274	0.848201
	 2275	0.565633
	 2276	-0.0772099
	 2277	0.439568
	 2278	1.14967
	 2279	0.920238
	 2280	0.847607
	 2281	0.889851
	 2282	0.613935
	 2283	0.332562
	 2284	0.926037
	 2285	1.16393
	 2286	0.804363
	 2287	0.619044
	 2288	0.262411
	 2289	0.2625
	 2290	0.637504
	 2291	1.20349
	 2292	0.999241
	 2293	0.775002
	 2294	0.554545
	 2295	0.203951
	 2296	0.566649
	 2297	0.901543
	 2298	0.977422
	 2299	0.837645
	 2300	0.550224
	 2301	-0.251915
	 2302	-0.0941867
	 2303	0.768338
	 2304	0.972266
	 2305	0.844418
	 2306	0.748205
	 2307	0.514365
	 2308	-0.00636215
	 2309	0.130386
	 2310	0.714307
	 2311	0.731432
	 2312	0.276178
	 2313	-0.133247
	 2314	0.000501246
	 2315	0.00963682
	 2316	0.2375
	 2317	0.670592
	 2318	0.648933
	 2319	0.141579
	 2320	-0.163735
	 2321	0.0955981
	 2322	0.132348
	 2323	0.0248285
	 2324	0.137733
	 2325	0.126925
	 2326	-0.320231
	 2327	-0.334253
	 2328	0.158619
	 2329	0.301824
	 2330	0.109613
	 2331	0.168614
	 2332	0.384453
	 2333	0.204367
	 2334	-0.00378202
	 2335	0.166269
	 2336	0.167399
	 2337	-0.140493
	 2338	0.0300667
	 2339	0.461742
	 2340	0.376204
	 2341	0.0890643
	 2342	0.210657
	 2343	0.379023
	 2344	0.382868
	 2345	0.639241
	 2346	0.890813
	 2347	0.593467
	 2348	-0.246911
	 2349	-0.303063
	 2350	0.28831
	 2351	0.535211
	 2352	0.620452
	 2353	0.68969
	 2354	0.444956
	 2355	-0.0918119
	 2356	0.219618
	 2357	0.813251
	 2358	0.840023
	 2359	0.624012
	 2360	0.434508
	 2361	0.20833
	 2362	-0.170713
	 2363	0.137179
	 2364	0.625731
	 2365	0.619145
	 2366	0.178746
	 2367	0.141639
	 2368	0.399355
	 2369	0.287018
	 2370	0.301849
	 2371	0.584353
	 2372	0.505128
	 2373	-0.0863059
	 2374	-0.26339
	 2375	0.129799
	 2376	0.159328
	 2377	-0.0116207
	 2378	0.164594
	 2379	0.327983
	 2380	0.149662
	 2381	0.157863
	 2382	0.447738
	 2383	0.447328
	 2384	0.209863
	 2385	0.204643
	 2386	0.260706
	 2387	-0.0387577
	 2388	-0.0887116
	 2389	0.291355
	 2390	0.364462
	 2391	0.0641034
	 2392	0.122921
	 2393	0.443769
	 2394	0.373833
	 2395	0.262781
	 2396	0.530354
	 2397	0.599159
	 2398	0.158626
	 2399	-0.253132
	 2400	0.118723
	 2401	0.298493
	 2402	0.174882
	 2403	0.29097
	 2404	0.448896
	 2405	0.169819
	 2406	0.0471232
	 2407	0.445479
	 2408	0.614343
	 2409	0.39123
	 2410	0.258343
	 2411	0.332216
	 2412	0.0695284
	 2413	-0.134607
	 2414	0.206189
	 2415	0.360157
	 2416	0.136621
	 2417	0.150511
	 2418	0.541594
	 2419	0.537851
	 2420	0.228568
	 2421	0.294857
	 2422	0.510881
	 2423	0.312884
	 2424	0.0602176
	 2425	0.271902
	 2426	0.324723
	 2427	-0.0366195
	 2428	-0.0341332
	 2429	0.387974
	 2430	0.509928
	 2431	0.485271
	 2432	0.631654
	 2433	0.614763
	 2434	0.280592
	 2435	0.282781
	 2436	0.692834
	 2437	0.727234
	 2438	0.456548
	 2439	0.35985
	 2440	0.359709
	 2441	0.189918
	 2442	0.550263
	 2443	1.10964
	 2444	0.917708
	 2445	0.670985
	 2446	0.43976
	 2447	0.602046
	 2448	0.653342
	 2449	0.750361
	 2450	0.922453
	 2451	0.773543
	 2452	0.359201
	 2453	0.0376716
	 2454	0.530835
	 2455	0.811715
	 2456	0.799209
	 2457	0.831784
	 2458	0.72744
	 2459	0.420296
	 2460	0.31653
	 2461	0.610217
	 2462	0.632592
	 2463	0.325465
	 2464	0.296482
	 2465	0.450646
	 2466	0.221478
	 2467	0.222483
	 2468	0.641757
	 2469	0.752437
	 2470	0.480697
	 2471	0.357665
	 2472	0.626055
	 2473	0.480346
	 2474	0.136063
	 2475	0.231783
	 2476	0.387457
	 2477	0.156806
	 2478	0.00136044
	 2479	0.27364
	 2480	0.391559
	 2481	0.255989
	 2482	0.371739
	 2483	0.492245
	 2484	0.230142
	 2485	-0.0291722
	 2486	0.25708
	 2487	0.370916
	 2488	0.0634545
	 2489	-0.0457422
	 2490	0.0356258
	 2491	-0.236689
	 2492	-0.251431
	 2493	0.402099
	 2494	0.76185
	 2495	0.477293
	 2496	-0.0851609
	 2497	-0.0546317
	 2498	0.0427876
	 2499	0.155377
	 2500	0.505841
	 2501	0.648089
	 2502	0.0741862
	 2503	-0.624354
	 2504	-0.21393
	 2505	0.299784
	 2506	0.572651
	 2507	0.826561
	 2508	0.70287
	 2509	0.0657425
	 2510	-0.457049
	 2511	0.126749
	 2512	0.5925
	 2513	0.513243
	 2514	0.223492
	 2515	0.0300449
	 2516	-0.256068
	 2517	-0.304484
	 2518	0.25928
	 2519	0.673891
	 2520	0.465639
	 2521	0.064969
	 2522	0.0814143
	 2523	0.0707851
	 2524	-0.116439
	 2525	-0.0121736
	 2526	0.128503
	 2527	-0.233633
	 2528	-0.562363
	 2529	-0.268055
	 2530	-0.0812884
	 2531	-0.371851
	 2532	-0.359176
	 2533	-0.0799574
	 2534	-0.246307
	 2535	-0.61061
	 2536	-0.470936
	 2537	-0.432214
	 2538	-0.950246
	 2539	-0.846842
	 2540	-0.609722
	 2541	-0.616978
	 2542	-0.885451
	 2543	-0.736771
	 2544	-0.752025
	 2545	-1.01588
	 2546	-0.79201
	 2547	-0.423571
	 2548	-0.572595
	 2549	-1.24346
	 2550	-0.897934
	 2551	-0.909808
	 2552	-1.03597
	 2553	-0.973956
	 2554	-0.685162
	 2555	-0.778491
	 2556	-1.07878
	 2557	-0.876731
	 2558	-0.625646
	 2559	-0.731859
	 2560	-0.917936
	 2561	-0.786115
	 2562	-0.711054
	 2563	-0.890302
	 2564	-0.866478
	 2565	-0.756304
	 2566	-0.967374
	 2567	-0.966631
	 2568	-0.569808
	 2569	0.0508867
	 2570	0.027919
	 2571	-0.308039
	 2572	-0.334093
	 2573	-0.438997
	 2574	-0.515348
	 2575	0.0391162
	 2576	0.65088
	 2577	0.502693
	 2578	-0.428037
	 2579	-0.526151
	 2580	-0.0156636
	 2581	0.480147
	 2582	0.946045
	 2583	1.12791
	 2584	0.753155
	 2585	0.0308344
	 2586	-0.276619
	 2587	0.673407
	 2588	0.980516
	 2589	0.890637
	 2590	0.752497
	 2591	0.337979
	 2592	-0.408911
	 2593	0.309718
	 2594	1.24348
	 2595	0.896646
	 2596	0.738278
	 2597	0.690105
	 2598	0.38833
	 2599	0.250501
	 2600	0.842707
	 2601	1.1722
	 2602	0.802302
	 2603	0.465574
	 2604	-0.253042
	 2605	0.0257779
	 2606	0.514551
	 2607	0.929632
	 2608	1.06
	 2609	0.792402
	 2610	0.256051
	 2611	-0.399762
	 2612	0.237083
	 2613	0.608976
	 2614	0.558686
	 2615	0.421984
	 2616	0.0452577
	 2617	-0.517185
	 2618	-0.363436
	 2619	0.294871
	 2620	0.558484
	 2621	0.316607
	 2622	-0.0357362
	 2623	-0.046504
	 2624	-0.228626
	 2625	-0.333403
	 2626	-0.0463258
	 2627	0.0229551
	 2628	-0.480379
	 2629	-0.746154
	 2630	-0.406988
	 2631	-0.26464
	 2632	-0.415545
	 2633	-0.162917
	 2634	0.0725609
	 2635	-0.249192
	 2636	-0.48423
	 2637	-0.188792
	 2638	-0.202462
	 2639	-0.689817
	 2640	-0.681438
	 2641	-0.208177
	 2642	-0.180446
	 2643	-0.49502
	 2644	-0.393643
	 2645	-0.370614
	 2646	-0.625158
	 2647	-0.429602
	 2648	0.190214
	 2649	0.334133
	 2650	-0.298209
	 2651	-0.864243
	 2652	-0.710184
	 2653	-0.648029
	 2654	-0.218986
	 2655	0.35386
	 2656	0.290313
	 2657	-0.49251
	 2658	-0.628058
	 2659	-0.0945447
	 2660	0.297024
	 2661	0.406888
	 2662	0.530705
	 2663	0.260443
	 2664	-0.524471
	 2665	-0.552076
	 2666	0.0713278
	 2667	0.385923
	 2668	0.173575
	 2669	-0.0307664
	 2670	0.0498154
	 2671	-0.0377689
	 2672	-0.102589
	 2673	0.28612
	 2674	0.489563
	 2675	0.142681
	 2676	-0.330793
	 2677	-0.241748
	 2678	-0.239477
	 2679	-0.294137
	 2680	-0.0220786
	 2681	0.0963522
	 2682	-0.229994
	 2683	-0.452558
	 2684	-0.106536
	 2685	0.0655202
	 2686	-0.149562
	 2687	-0.0654832
	 2688	-0.0255877
	 2689	-0.612046
	 2690	-0.971935
	 2691	-0.529728
	 2692	-0.152183
	 2693	-0.44403
	 2694	-0.591968
	 2695	-0.488628
	 2696	-0.740476
	 2697	-0.845846
	 2698	-0.344044
	 2699	0.0724538
	 2700	-0.382897
	 2701	-0.996393
	 2702	-1.01222
	 2703	-1.07827
	 2704	-0.869694
	 2705	-0.414579
	 2706	-0.250708
	 2707	-0.959467
	 2708	-1.12318
	 2709	-0.828035
	 2710	-0.691244
	 2711	-0.595012
	 2712	-0.360742
	 2713	-0.53288
	 2714	-1.43023
	 2715	-0.996455
	 2716	-0.719343
	 2717	-0.616386
	 2718	-0.67622
	 2719	-0.789215
	 2720	-0.790666
	 2721	-1.04252
	 2722	-0.915562
	 2723	-0.563955
	 2724	-0.294369
	 2725	-0.738519
	 2726	-0.869994
	 2727	-0.715871
	 2728	-0.901352
	 2729	-0.949821
	 2730	-0.695761
	 2731	-0.5649
	 2732	-0.69734
	 2733	-0.661407
	 2734	-0.201511
	 2735	-0.155716
	 2736	-0.594373
	 2737	-0.5574
	 2738	-0.218682
	 2739	-0.227921
	 2740	-0.28294
	 2741	-0.0525581
	 2742	-0.156642
	 2743	-0.677867
	 2744	-0.483824
	 2745	0.170745
	 2746	0.343425
	 2747	0.234638
	 2748	0.298348
	 2749	0.244479
	 2750	-0.167757
	 2751	-0.111457
	 2752	0.382402
	 2753	0.409875
	 2754	0.0145791
	 2755	-0.0907746
	 2756	0.107701
	 2757	0.0708189
	 2758	0.202406
	 2759	0.59885
	 2760	0.657274
	 2761	0.334906
	 2762	0.214064
	 2763	0.372613
	 2764	0.192838
	 2765	-0.0214908
	 2766	0.12709
	 2767	0.142886
	 2768	-0.111471
	 2769	-0.00392932
	 2770	0.291886
	 2771	0.0926121
	 2772	-0.24541
	 2773	0.126062
	 2774	0.545372
	 2775	0.399634
	 2776	0.0905097
	 2777	0.096736
	 2778	-0.0267216
	 2779	-0.34663
	 2780	-0.0530567
	 2781	0.41486
	 2782	0.359662
	 2783	0.0480896
	 2784	0.0957386
	 2785	0.250125
	 2786	0.225321
	 2787	0.383159
	 2788	0.544408
	 2789	0.369815
	 2790	0.0235954
	 2791	0.166552
	 2792	0.33306
	 2793	0.048618
	 2794	-0.0223353
	 2795	0.414042
	 2796	0.615841
	 2797	0.525783
	 2798	0.689203
	 2799	0.749678
	 2800	0.421607
	 2801	0.109942
	 2802	0.573524
	 2803	0.855289
	 2804	0.653352
	 2805	0.363633
	 2806	0.305805
	 2807	0.210885
	 2808	0.427339
	 2809	1.01705
	 2810	0.976908
	 2811	0.733516
	 2812	0.538562
	 2813	0.480374
	 2814	0.591751
	 2815	0.823588
	 2816	1.03976
	 2817	0.887603
	 2818	0.553506
	 2819	0.0898085
	 2820	0.55282
	 2821	0.965559
	 2822	0.994522
	 2823	0.973295
	 2824	0.890721
	 2825	0.66969
	 2826	0.483779
	 2827	0.8743
	 2828	1.0862
	 2829	0.836999
	 2830	0.657519
	 2831	0.550421
	 2832	0.441168
	 2833	0.440489
	 2834	0.836387
	 2835	1.01388
	 2836	0.773447
	 2837	0.548626
	 2838	0.474922
	 2839	0.471928
	 2840	0.337268
	 2841	0.359359
	 2842	0.480686
	 2843	0.185123
	 2844	-0.239435
	 2845	0.00860852
	 2846	0.252965
	 2847	-0.00326896
	 2848	-0.185714
	 2849	0.127918
	 2850	0.213387
	 2851	-0.104358
	 2852	-0.239695
	 2853	-0.196424
	 2854	-0.506524
	 2855	-0.791338
	 2856	-0.353011
	 2857	-0.0946323
	 2858	-0.399596
	 2859	-0.557024
	 2860	-0.320893
	 2861	-0.316756
	 2862	-0.401722
	 2863	-0.0744408
	 2864	0.0120505
	 2865	-0.49154
	 2866	-0.694182
	 2867	-0.383504
	 2868	-0.353998
	 2869	-0.60399
	 2870	-0.337362
	 2871	0.0153745
	 2872	-0.233851
	 2873	-0.530226
	 2874	-0.0506543
	 2875	0.337867
	 2876	0.204303
	 2877	-0.00292137
	 2878	0.120096
	 2879	0.05383
	 2880	-0.186956
	 2881	0.087827
	 2882	0.441669
	 2883	0.402604
	 2884	0.414635
	 2885	0.729599
	 2886	0.796652
	 2887	0.701175
	 2888	0.806675
	 2889	0.822654
	 2890	0.710503
	 2891	0.737877
	 2892	0.960154
	 2893	0.902603
	 2894	0.652983
	 2895	0.688057
	 2896	0.961767
	 2897	0.907424
	 2898	0.909313
	 2899	1.17328
	 2900	0.984735
	 2901	0.780973
	 2902	0.897714
	 2903	1.14531
	 2904	1.06573
	 2905	0.878981
	 2906	0.913659
	 2907	0.897954
	 2908	0.807192
	 2909	1.01289
	 2910	1.18228
	 2911	0.966967
	 2912	0.880826
	 2913	0.955779
	 2914	0.972784
	 2915	0.846538
	 2916	0.912077
	 2917	1.09621
	 2918	1.00842
	 2919	0.719484
	 2920	0.541137
	 2921	0.81499
	 2922	0.905089
	 2923	0.911821
	 2924	0.959721
	 2925	0.935008
	 2926	0.699211
	 2927	0.560701
	 2928	0.753678
	 2929	0.756688
	 2930	0.521957
	 2931	0.363098
	 2932	0.539285
	 2933	0.401918
	 2934	0.225079
	 2935	0.516317
	 2936	0.685701
	 2937	0.446429
	 2938	0.458327
	 2939	0.747603
	 2940	0.647978
	 2941	0.102178
	 2942	-0.18402
	 2943	0.0154408
	 2944	0.0846417
	 2945	0.332218
	 2946	0.663134
	 2947	0.425959
	 2948	-0.451917
	 2949	-0.411019
	 2950	0.268013
	 2951	0.723102
	 2952	0.832277
	 2953	0.732899
	 2954	0.0375684
	 2955	-1.01412
	 2956	-0.314135
	 2957	0.711495
	 2958	0.958808
	 2959	0.751929
	 2960	0.423266
	 2961	0.0852119
	 2962	-0.0326408
	 2963	0.679183
	 2964	1.303
	 2965	0.798532
	 2966	0.616139
	 2967	0.263148
	 2968	0.259067
	 2969	0.553486
	 2970	0.92666
	 2971	1.10266
	 2972	0.8592
	 2973	0.603987
	 2974	0.563716
	 2975	0.885344
	 2976	0.947349
	 2977	0.990485
	 2978	0.970243
	 2979	0.796156
	 2980	0.432693
	 2981	0.327379
	 2982	0.824972
	 2983	0.873431
	 2984	0.70873
	 2985	0.659067
	 2986	0.678904
	 2987	0.504975
	 2988	0.518225
	 2989	0.889255
	 2990	0.854441
	 2991	0.556129
	 2992	0.00197827
	 2993	-0.0621638
	 2994	-0.0147552
	 2995	0.190828
	 2996	0.584482
	 2997	0.566893
	 2998	-0.0868809
	 2999	-0.482203
	 3000	-0.0569594
	 3001	0.351404
	 3002	0.519779
	 3003	0.686038
	 3004	0.279572
	 3005	-0.822746
	 3006	-0.714893
	 3007	-0.0306495
	 3008	0.480751
	 3009	0.36608
	 3010	-0.00214044
	 3011	-0.381744
	 3012	-0.666656
	 3013	-0.425506
	 3014	0.385285
	 3015	0.734848
	 3016	0.323942
	 3017	-0.823145
	 3018	-0.81869
	 3019	-0.697426
	 3020	-0.295255
	 3021	0.362309
	 3022	0.486069
	 3023	-0.235755
	 3024	-0.93084
	 3025	-0.458887
	 3026	0.139192
	 3027	0.390832
	 3028	0.567308
	 3029	0.307431
	 3030	-0.600802
	 3031	-0.797071
	 3032	-0.174184
	 3033	0.340485
	 3034	0.302967
	 3035	0.224614
	 3036	0.283338
	 3037	0.170533
	 3038	0.185801
	 3039	0.624999
	 3040	0.848473
	 3041	0.64891
	 3042	0.623644
	 3043	0.820248
	 3044	0.727327
	 3045	0.525864
	 3046	0.56547
	 3047	0.76083
	 3048	0.69659
	 3049	0.849289
	 3050	1.02569
	 3051	0.882848
	 3052	0.672177
	 3053	0.691368
	 3054	0.801878
	 3055	0.728618
	 3056	0.593623
	 3057	0.666625
	 3058	0.55785
	 3059	0.340349
	 3060	0.411021
	 3061	0.670873
	 3062	0.562355
	 3063	0.423047
	 3064	0.603326
	 3065	0.705276
	 3066	0.419719
	 3067	0.0571462
	 3068	0.15627
	 3069	-0.0496682
	 3070	-0.372361
	 3071	-0.0136347
	 3072	0.322194
	 3073	0.0390421
	 3074	-0.436629
	 3075	-0.24771
	 3076	-0.0105796
	 3077	0.0285574
	 3078	0.21458
	 3079	0.245805
	 3080	-0.347944
	 3081	-0.823908
	 3082	-0.58448
	 3083	-0.22589
	 3084	-0.173806
	 3085	-0.0613311
	 3086	-0.119371
	 3087	-0.694973
	 3088	-0.862566
	 3089	-0.215203
	 3090	0.220827
	 3091	-0.066472
	 3092	-0.447369
	 3093	-0.380422
	 3094	-0.599816
	 3095	-0.81302
	 3096	-0.463429
	 3097	-0.102694
	 3098	-0.379223
	 3099	-0.537607
	 3100	-0.184222
	 3101	-0.120438
	 3102	-0.351095
	 3103	-0.292263
	 3104	-0.153069
	 3105	-0.422345
	 3106	-0.500974
	 3107	-0.180306
	 3108	-0.339985
	 3109	-0.778699
	 3110	-0.544605
	 3111	-0.0781611
	 3112	-0.0853534
	 3113	-0.156829
	 3114	0.109377
	 3115	-0.00294654
	 3116	-0.501351
	 3117	-0.450593
	 3118	0.0304753
	 3119	0.0364363
	 3120	-0.334284
	 3121	-0.424464
	 3122	-0.460714
	 3123	-0.668436
	 3124	-0.327582
	 3125	0.279602
	 3126	0.267702
	 3127	-0.141266
	 3128	-0.356536
	 3129	-0.301749
	 3130	-0.347616
	 3131	-0.1133
	 3132	0.266249
	 3133	-0.0450046
	 3134	-0.905755
	 3135	-0.698489
	 3136	-0.304864
	 3137	-0.209281
	 3138	-0.130661
	 3139	0.093189
	 3140	-0.289608
	 3141	-0.819046
	 3142	-0.637185
	 3143	-0.43445
	 3144	-0.753905
	 3145	-0.940489
	 3146	-0.756158
	 3147	-0.895521
	 3148	-1.04656
	 3149	-0.835566
	 3150	-0.776553
	 3151	-1.02675
	 3152	-0.977085
	 3153	-0.742282
	 3154	-0.858562
	 3155	-1.15413
	 3156	-0.981446
	 3157	-0.947666
	 3158	-1.11914
	 3159	-0.980549
	 3160	-0.869581
	 3161	-1.08243
	 3162	-1.10886
	 3163	-0.840651
	 3164	-0.870526
	 3165	-1.16692
	 3166	-0.990478
	 3167	-0.828256
	 3168	-1.15032
	 3169	-1.10512
	 3170	-0.807173
	 3171	-0.926517
	 3172	-1.16238
	 3173	-0.992074
	 3174	-0.814131
	 3175	-0.949649
	 3176	-1.1893
	 3177	-0.906313
	 3178	-0.860774
	 3179	-1.13506
	 3180	-1.09643
	 3181	-0.843451
	 3182	-0.957644
	 3183	-1.23844
	 3184	-0.944108
	 3185	-0.836862
	 3186	-0.983765
	 3187	-1.08642
	 3188	-0.761893
	 3189	-0.507526
	 3190	-0.754392
	 3191	-0.952501
	 3192	-0.634237
	 3193	-0.564534
	 3194	-0.806474
	 3195	-0.665847
	 3196	-0.418101
	 3197	-0.748857
	 3198	-1.00871
	 3199	-0.557801
	 3200	0.0216691
	 3201	0.184074
	 3202	0.159133
	 3203	0.102719
	 3204	-0.30328
	 3205	-0.485304
	 3206	0.122268
	 3207	0.636715
	 3208	0.569822
	 3209	0.151297
	 3210	-0.158723
	 3211	-0.414447
	 3212	-0.0872074
	 3213	0.850498
	 3214	1.24056
	 3215	0.738038
	 3216	0.223369
	 3217	-0.223049
	 3218	0.0525595
	 3219	0.58233
	 3220	1.05924
	 3221	0.897314
	 3222	0.395633
	 3223	-0.874474
	 3224	-0.353509
	 3225	0.538351
	 3226	0.978146
	 3227	0.971161
	 3228	0.718013
	 3229	0.00667619
	 3230	-0.81457
	 3231	0.0359821
	 3232	0.717163
	 3233	0.741548
	 3234	0.42021
	 3235	-0.219641
	 3236	-0.736768
	 3237	-0.519787
	 3238	0.303592
	 3239	0.72631
	 3240	0.506877
	 3241	-0.188407
	 3242	-0.375223
	 3243	-0.350775
	 3244	-0.379271
	 3245	-0.116532
	 3246	-0.0345087
	 3247	-0.597341
	 3248	-0.882626
	 3249	-0.495913
	 3250	-0.401607
	 3251	-0.756995
	 3252	-0.52605
	 3253	-0.172508
	 3254	-0.315712
	 3255	-0.507485
	 3256	-0.320048
	 3257	-0.461455
	 3258	-0.962932
	 3259	-0.791324
	 3260	-0.341423
	 3261	-0.269121
	 3262	-0.468867
	 3263	-0.312018
	 3264	-0.207452
	 3265	-0.414461
	 3266	-0.191944
	 3267	0.252158
	 3268	0.199947
	 3269	-0.228385
	 3270	-0.172648
	 3271	0.0292753
	 3272	-0.197349
	 3273	-0.274697
	 3274	0.150675
	 3275	0.288601
	 3276	-0.028014
	 3277	0.0373328
	 3278	0.418191
	 3279	0.38139
	 3280	0.191302
	 3281	0.297958
	 3282	0.353517
	 3283	0.0383787
	 3284	-0.048045
	 3285	0.183446
	 3286	0.0582729
	 3287	-0.14022
	 3288	0.136518
	 3289	0.33248
	 3290	0.0972248
	 3291	0.0132767
	 3292	0.268986
	 3293	0.105047
	 3294	-0.369463
	 3295	-0.27962
	 3296	-0.183395
	 3297	-0.587174
	 3298	-0.802615
	 3299	-0.360341
	 3300	-0.317269
	 3301	-0.850563
	 3302	-0.74649
	 3303	-0.462546
	 3304	-0.429479
	 3305	-0.5556
	 3306	-0.372924
	 3307	-0.665331
	 3308	-1.25723
	 3309	-0.914081
	 3310	-0.737075
	 3311	-0.70297
	 3312	-0.719419
	 3313	-0.720859
	 3314	-1.05006
	 3315	-1.13604
	 3316	-0.77072
	 3317	-0.415528
	 3318	-0.3395
	 3319	-0.997918
	 3320	-1.12121
	 3321	-1.04254
	 3322	-0.988991
	 3323	-0.87294
	 3324	-0.626525
	 3325	-0.706548
	 3326	-1.20863
	 3327	-0.918792
	 3328	-0.892167
	 3329	-0.950809
	 3330	-0.761592
	 3331	-0.526575
	 3332	-0.849719
	 3333	-1.2598
	 3334	-0.931778
	 3335	-0.797652
	 3336	-0.893672
	 3337	-0.878888
	 3338	-0.696606
	 3339	-0.650575
	 3340	-0.813959
	 3341	-0.708188
	 3342	-0.38367
	 3343	-0.494194
	 3344	-0.820035
	 3345	-0.437783
	 3346	-0.0441394
	 3347	-0.250748
	 3348	-0.593205
	 3349	-0.514135
	 3350	-0.490572
	 3351	-0.502598
	 3352	0.0538195
	 3353	0.51387
	 3354	0.259625
	 3355	-0.316493
	 3356	-0.279758
	 3357	-0.0511947
	 3358	-0.0722271
	 3359	0.027021
	 3360	0.161578
	 3361	-0.236541
	 3362	-0.725875
	 3363	-0.441049
	 3364	0.00344289
	 3365	-0.0189288
	 3366	-0.109936
	 3367	6.89345e-05
	 3368	-0.200667
	 3369	-0.488324
	 3370	-0.358541
	 3371	-0.416999
	 3372	-0.953792
	 3373	-0.793024
	 3374	-0.354822
	 3375	-0.305436
	 3376	-0.775586
	 3377	-0.670947
	 3378	-0.544739
	 3379	-0.755276
	 3380	-0.629554
	 3381	-0.06454
	 3382	-0.094674
	 3383	-0.967577
	 3384	-0.985339
	 3385	-0.784433
	 3386	-0.744288
	 3387	-0.584878
	 3388	-0.277548
	 3389	-0.477226
	 3390	-1.06434
	 3391	-0.837468
	 3392	-0.441299
	 3393	-0.235733
	 3394	-0.281889
	 3395	-0.2654
	 3396	-0.529549
	 3397	-1.03181
	 3398	-0.83878
	 3399	-0.262407
	 3400	-0.171539
	 3401	-0.579903
	 3402	-0.436609
	 3403	-0.127567
	 3404	-0.299429
	 3405	-0.38962
	 3406	0.024428
	 3407	0.11063
	 3408	-0.32428
	 3409	-0.439094
	 3410	-0.255417
	 3411	-0.337044
	 3412	-0.508708
	 3413	-0.249383
	 3414	-0.0870332
	 3415	-0.27314
	 3416	-0.142541
	 3417	0.156613
	 3418	0.0379707
	 3419	-0.287343
	 3420	-0.0667211
	 3421	0.174709
	 3422	-0.0523786
	 3423	-0.197788
	 3424	0.0355079
	 3425	-0.0298856
	 3426	-0.343514
	 3427	0.050963
	 3428	0.593688
	 3429	0.574554
	 3430	0.351194
	 3431	0.318843
	 3432	0.242612
	 3433	0.0855834
	 3434	0.39856
	 3435	0.76004
	 3436	0.512434
	 3437	-0.123967
	 3438	-0.155431
	 3439	0.107698
	 3440	0.285836
	 3441	0.683914
	 3442	0.841511
	 3443	0.532812
	 3444	-0.177999
	 3445	-0.0356827
	 3446	0.375181
	 3447	0.330305
	 3448	0.214901
	 3449	0.22458
	 3450	-0.0421719
	 3451	-0.466184
	 3452	-0.176072
	 3453	0.353768
	 3454	0.357082
	 3455	0.0622578
	 3456	-0.0498653
	 3457	-0.147382
	 3458	-0.405247
	 3459	-0.249111
	 3460	0.0577517
	 3461	-0.198333
	 3462	-0.754133
	 3463	-0.7388
	 3464	-0.558825
	 3465	-0.594741
	 3466	-0.320219
	 3467	0.0626654
	 3468	-0.216547
	 3469	-0.839574
	 3470	-0.606278
	 3471	-0.326977
	 3472	-0.654921
	 3473	-0.864046
	 3474	-0.576424
	 3475	-0.704317
	 3476	-0.965201
	 3477	-0.730013
	 3478	-0.503537
	 3479	-0.646357
	 3480	-0.798115
	 3481	-0.502345
	 3482	-0.318778
	 3483	-0.622483
	 3484	-0.846992
	 3485	-0.775182
	 3486	-0.947302
	 3487	-0.83637
	 3488	-0.418599
	 3489	-0.167599
	 3490	-0.708861
	 3491	-1.00251
	 3492	-0.702433
	 3493	-0.481486
	 3494	-0.409413
	 3495	-0.0190721
	 3496	0.00399659
	 3497	-0.893646
	 3498	-1.18996
	 3499	-0.706366
	 3500	-0.186708
	 3501	-0.0998964
	 3502	-0.201479
	 3503	-0.166998
	 3504	-0.402918
	 3505	-0.54352
	 3506	-0.042411
	 3507	0.429854
	 3508	0.375582
	 3509	0.0445983
	 3510	0.00237244
	 3511	-0.0216929
	 3512	-0.135901
	 3513	0.0921793
	 3514	0.38401
	 3515	0.278526
	 3516	0.257531
	 3517	0.705661
	 3518	0.823193
	 3519	0.527218
	 3520	0.393578
	 3521	0.698163
	 3522	0.700415
	 3523	0.711462
	 3524	0.791484
	 3525	0.733649
	 3526	0.316822
	 3527	0.120944
	 3528	0.762042
	 3529	1.02724
	 3530	0.913727
	 3531	0.853833
	 3532	0.73067
	 3533	0.413008
	 3534	0.399124
	 3535	0.867932
	 3536	0.948729
	 3537	0.659808
	 3538	0.231295
	 3539	0.188057
	 3540	0.191678
	 3541	0.363645
	 3542	0.794181
	 3543	0.842858
	 3544	0.522802
	 3545	0.0651897
	 3546	0.22797
	 3547	0.269579
	 3548	-0.0576785
	 3549	-0.0699957
	 3550	0.00611657
	 3551	-0.213761
	 3552	-0.387715
	 3553	-0.137974
	 3554	-0.126511
	 3555	-0.621295
	 3556	-0.499833
	 3557	0.0732204
	 3558	0.0513717
	 3559	-0.388081
	 3560	-0.536689
	 3561	-0.603335
	 3562	-0.878231
	 3563	-0.602438
	 3564	-0.011521
	 3565	0.108367
	 3566	-0.388018
	 3567	-0.518913
	 3568	-0.215062
	 3569	-0.030377
	 3570	0.13291
	 3571	0.399083
	 3572	0.285468
	 3573	-0.30855
	 3574	-0.413362
	 3575	0.0255196
	 3576	0.162899
	 3577	0.15971
	 3578	0.440181
	 3579	0.486621
	 3580	0.101726
	 3581	0.226692
	 3582	0.809676
	 3583	0.859634
	 3584	0.631231
	 3585	0.563893
	 3586	0.610205
	 3587	0.351105
	 3588	0.246958
	 3589	0.718024
	 3590	0.836531
	 3591	0.644482
	 3592	0.529928
	 3593	0.603034
	 3594	0.640088
	 3595	0.734525
	 3596	0.914614
	 3597	0.794787
	 3598	0.354324
	 3599	-0.211171
	 3600	0.0677495
	 3601	0.323134
	 3602	0.503098
	 3603	0.718832
	 3604	0.509979
	 3605	-0.327667
	 3606	-0.471345
	 3607	0.365253
	 3608	0.723252
	 3609	0.585021
	 3610	0.245248
	 3611	-0.323731
	 3612	-0.771574
	 3613	-0.555394
	 3614	0.125329
	 3615	0.478061
	 3616	0.131062
	 3617	-0.550873
	 3618	-0.488915
	 3619	-0.32159
	 3620	-0.014471
	 3621	0.465586
	 3622	0.452462
	 3623	-0.302377
	 3624	-0.77813
	 3625	-0.422594
	 3626	-0.200208
	 3627	-0.171223
	 3628	0.137954
	 3629	0.158227
	 3630	-0.350698
	 3631	-0.532831
	 3632	0.0296543
	 3633	0.398438
	 3634	0.190905
	 3635	-0.022685
	 3636	0.018381
	 3637	-0.221127
	 3638	-0.391695
	 3639	-0.0416582
	 3640	0.215009
	 3641	0.0611369
	 3642	0.0776441
	 3643	0.487554
	 3644	0.573794
	 3645	0.406551
	 3646	0.49419
	 3647	0.62487
	 3648	0.472239
	 3649	0.610596
	 3650	0.803774
	 3651	0.702086
	 3652	0.266368
	 3653	0.252592
	 3654	0.731725
	 3655	0.889433
	 3656	0.940415
	 3657	0.987506
	 3658	0.829022
	 3659	0.616195
	 3660	0.713905
	 3661	1.02352
	 3662	0.918413
	 3663	0.806982
	 3664	0.792019
	 3665	0.739122
	 3666	0.664191
	 3667	0.896949
	 3668	1.03384
	 3669	0.837241
	 3670	0.795256
	 3671	0.92137
	 3672	0.923788
	 3673	0.74482
	 3674	0.660903
	 3675	0.75049
	 3676	0.65173
	 3677	0.416823
	 3678	0.629184
	 3679	0.826505
	 3680	0.650261
	 3681	0.377576
	 3682	0.651916
	 3683	0.852444
	 3684	0.769127
	 3685	0.723105
	 3686	0.726346
	 3687	0.448258
	 3688	0.0481665
	 3689	0.318586
	 3690	0.674696
	 3691	0.683359
	 3692	0.580911
	 3693	0.644554
	 3694	0.511706
	 3695	0.439962
	 3696	0.783705
	 3697	0.926979
	 3698	0.703006
	 3699	0.461498
	 3700	0.574507
	 3701	0.64738
	 3702	0.423125
	 3703	0.494288
	 3704	0.808389
	 3705	0.735649
	 3706	0.652467
	 3707	0.849387
	 3708	0.922605
	 3709	0.775008
	 3710	0.728022
	 3711	0.815943
	 3712	0.801503
	 3713	0.674137
	 3714	0.69608
	 3715	0.710603
	 3716	0.509633
	 3717	0.486891
	 3718	0.851686
	 3719	0.825941
	 3720	0.692342
	 3721	0.695027
	 3722	0.785752
	 3723	0.643998
	 3724	0.465561
	 3725	0.658414
	 3726	0.771069
	 3727	0.477241
	 3728	0.15575
	 3729	0.464531
	 3730	0.623475
	 3731	0.586703
	 3732	0.727171
	 3733	0.883012
	 3734	0.670098
	 3735	0.381494
	 3736	0.504868
	 3737	0.636993
	 3738	0.413527
	 3739	0.26908
	 3740	0.442208
	 3741	0.375121
	 3742	0.174198
	 3743	0.445909
	 3744	0.78506
	 3745	0.683724
	 3746	0.488051
	 3747	0.615939
	 3748	0.603986
	 3749	0.344471
	 3750	0.297854
	 3751	0.516406
	 3752	0.360902
	 3753	-0.0612364
	 3754	0.0928106
	 3755	0.316684
	 3756	0.24914
	 3757	0.327108
	 3758	0.536863
	 3759	0.401718
	 3760	-0.0992338
	 3761	-0.0114786
	 3762	0.332632
	 3763	0.194587
	 3764	-0.0567579
	 3765	-0.00676484
	 3766	-0.112636
	 3767	-0.460561
	 3768	-0.262459
	 3769	0.273855
	 3770	0.276337
	 3771	-0.137766
	 3772	-0.27596
	 3773	-0.155472
	 3774	-0.360918
	 3775	-0.504633
	 3776	-0.286388
	 3777	-0.398943
	 3778	-0.876242
	 3779	-0.718949
	 3780	-0.44894
	 3781	-0.532946
	 3782	-0.530432
	 3783	-0.194909
	 3784	-0.226508
	 3785	-0.715545
	 3786	-0.58711
	 3787	-0.323312
	 3788	-0.635249
	 3789	-1.01965
	 3790	-0.647612
	 3791	-0.471755
	 3792	-0.774256
	 3793	-0.807313
	 3794	-0.539246
	 3795	-0.641822
	 3796	-0.877468
	 3797	-0.544092
	 3798	-0.132402
	 3799	-0.45773
	 3800	-1.09999
	 3801	-0.87403
	 3802	-0.814086
	 3803	-0.832876
	 3804	-0.513197
	 3805	-0.31992
	 3806	-0.627227
	 3807	-0.95704
	 3808	-0.630022
	 3809	-0.304301
	 3810	-0.421297
	 3811	-0.42871
	 3812	-0.22858
	 3813	-0.579127
	 3814	-1.01755
	 3815	-0.698454
	 3816	-0.251393
	 3817	-0.354498
	 3818	-0.636579
	 3819	-0.313848
	 3820	-0.113147
	 3821	-0.357737
	 3822	-0.295512
	 3823	0.0898652
	 3824	0.0367921
	 3825	-0.364887
	 3826	-0.338604
	 3827	-0.162976
	 3828	-0.348705
	 3829	-0.383505
	 3830	-0.0457129
	 3831	0.00637128
	 3832	-0.286308
	 3833	-0.137818
	 3834	0.175987
	 3835	0.0645833
	 3836	-0.121929
	 3837	0.0379366
	 3838	0.0361839
	 3839	-0.356225
	 3840	-0.422784
	 3841	-0.0575413
	 3842	-0.112735
	 3843	-0.380476
	 3844	-0.193962
	 3845	-0.0171643
	 3846	-0.245032
	 3847	-0.292154
	 3848	0.0577029
	 3849	-0.0597346
	 3850	-0.569071
	 3851	-0.588841
	 3852	-0.565593
	 3853	-0.891966
	 3854	-0.801213
	 3855	-0.374879
	 3856	-0.499196
	 3857	-0.946768
	 3858	-0.765214
	 3859	-0.547234
	 3860	-0.632949
	 3861	-0.666495
	 3862	-0.495339
	 3863	-0.797421
	 3864	-1.1996
	 3865	-0.885977
	 3866	-0.693067
	 3867	-0.693439
	 3868	-0.700333
	 3869	-0.621259
	 3870	-0.745995
	 3871	-1.00103
	 3872	-0.627642
	 3873	-0.0806681
	 3874	-0.133122
	 3875	-0.666044
	 3876	-0.597196
	 3877	-0.567115
	 3878	-0.812561
	 3879	-0.625657
	 3880	-0.0972445
	 3881	-0.00623589
	 3882	-0.448127
	 3883	-0.36124
	 3884	0.0486642
	 3885	0.102848
	 3886	0.0674059
	 3887	0.241109
	 3888	0.131307
	 3889	-0.366382
	 3890	-0.451241
	 3891	-0.130544
	 3892	-0.0457324
	 3893	-0.0794989
	 3894	0.0545036
	 3895	-0.0593109
	 3896	-0.482745
	 3897	-0.34661
	 3898	0.236401
	 3899	0.298955
	 3900	-0.126133
	 3901	-0.42533
	 3902	-0.579387
	 3903	-0.958566
	 3904	-0.803699
	 3905	-0.0618914
	 3906	0.082825
	 3907	-0.797693
	 3908	-1.03667
	 3909	-0.743831
	 3910	-0.622294
	 3911	-0.34158
	 3912	-0.00426101
	 3913	-0.514609
	 3914	-1.64522
	 3915	-0.871826
	 3916	-0.766817
	 3917	-0.733472
	 3918	-0.546553
	 3919	-0.618787
	 3920	-1.26563
	 3921	-1.14128
	 3922	-0.675173
	 3923	-0.530082
	 3924	-0.296282
	 3925	-0.823549
	 3926	-1.10692
	 3927	-1.11691
	 3928	-1.03286
	 3929	-0.881131
	 3930	-0.655309
	 3931	-0.635645
	 3932	-1.22111
	 3933	-0.912326
	 3934	-0.876257
	 3935	-0.959824
	 3936	-0.860763
	 3937	-0.589426
	 3938	-0.739244
	 3939	-1.22013
	 3940	-0.964453
	 3941	-0.811308
	 3942	-0.98867
	 3943	-1.03745
	 3944	-0.794588
	 3945	-0.660758
	 3946	-0.809275
	 3947	-0.765505
	 3948	-0.550137
	 3949	-0.727888
	 3950	-1.0241
	 3951	-0.749948
	 3952	-0.46426
	 3953	-0.583752
	 3954	-0.962934
	 3955	-0.835125
	 3956	-0.848903
	 3957	-0.868869
	 3958	-0.546248
	 3959	-0.0150131
	 3960	-0.155597
	 3961	-0.780449
	 3962	-0.674133
	 3963	-0.437181
	 3964	-0.613283
	 3965	-0.662334
	 3966	-0.3732
	 3967	-0.48811
	 3968	-0.911143
	 3969	-0.708524
	 3970	-0.313133
	 3971	-0.283088
	 3972	-0.474003
	 3973	-0.258083
	 3974	-0.155351
	 3975	-0.418586
	 3976	-0.514358
	 3977	-0.279333
	 3978	-0.46158
	 3979	-0.774891
	 3980	-0.446487
	 3981	-0.131617
	 3982	-0.395601
	 3983	-0.534234
	 3984	-0.102823
	 3985	0.0453622
	 3986	-0.264446
	 3987	-0.151813
	 3988	0.223896
	 3989	-0.0219647
	 3990	-0.573325
	 3991	-0.472601
	 3992	-0.165568
	 3993	-0.198807
	 3994	-0.2557
	 3995	-0.0181621
	 3996	-0.0927863
	 3997	-0.466284
	 3998	-0.207888
	 3999	0.22467
	 4000	0.213507
	 4001	0.0232395
	 4002	0.00117577
	 4003	-0.0958229
	 4004	-0.368418
	 4005	-0.214085
	 4006	0.17978
	 4007	0.146063
	 4008	-0.135705
	 4009	0.139666
	 4010	0.486494
	 4011	0.297704
	 4012	0.117415
	 4013	0.370725
	 4014	0.410242
	 4015	0.172454
	 4016	0.18601
	 4017	0.41345
	 4018	0.19455
	 4019	-0.173845
	 4020	0.14896
	 4021	0.494572
	 4022	0.569296
	 4023	0.636825
	 4024	0.670897
	 4025	0.416692
	 4026	0.0331193
	 4027	0.34858
	 4028	0.729121
	 4029	0.595056
	 4030	0.306141
	 4031	0.248591
	 4032	0.163865
	 4033	0.134133
	 4034	0.634096
	 4035	1.04475
	 4036	0.796169
	 4037	0.451982
	 4038	0.340623
	 4039	0.53205
	 4040	0.521498
	 4041	0.666103
	 4042	0.804334
	 4043	0.609802
	 4044	-0.00220982
	 4045	0.148273
	 4046	0.776309
	 4047	0.903555
	 4048	0.883441
	 4049	0.882045
	 4050	0.648379
	 4051	0.24321
	 4052	0.414832
	 4053	0.964804
	 4054	0.862038
	 4055	0.589522
	 4056	0.303923
	 4057	0.117213
	 4058	0.0214322
	 4059	0.60363
	 4060	1.10119
	 4061	0.896477
	 4062	0.551516
	 4063	0.0337451
	 4064	0.0817113
	 4065	0.446143
	 4066	0.908234
	 4067	0.991048
	 4068	0.600205
	 4069	-0.442332
	 4070	-0.555598
	 4071	0.284206
	 4072	0.76413
	 4073	0.882791
	 4074	0.862443
	 4075	0.384521
	 4076	-0.676082
	 4077	-0.376202
	 4078	0.487163
	 4079	0.765997
	 4080	0.466946
	 4081	-0.160601
	 4082	-0.442186
	 4083	-0.45555
	 4084	-0.0182239
	 4085	0.584472
	 4086	0.676167
	 4087	0.253349
	 4088	-0.1787
	 4089	-0.0476656
	 4090	-0.0932292
	 4091	-0.088898
	 4092	0.129139
	 4093	0.0296102
	 4094	-0.419628
	 4095	-0.327304
	 4096	0.133156
	 4097	0.0611707
	 4098	-0.305906
	 4099	-0.0134278
	 4100	0.36166
	 4101	0.207586
	 4102	-0.0196908
	 4103	0.0754268
	 4104	-0.0730016
	 4105	-0.454222
	 4106	-0.252872
	 4107	0.217567
	 4108	0.204751
	 4109	-0.0589473
	 4110	-0.00441195
	 4111	0.0999726
	 4112	0.0672498
	 4113	0.303407
	 4114	0.545032
	 4115	0.37838
	 4116	-0.0798947
	 4117	-0.0662384
	 4118	0.13401
	 4119	0.046876
	 4120	0.168984
	 4121	0.536124
	 4122	0.451191
	 4123	0.0166678
	 4124	0.21359
	 4125	0.661778
	 4126	0.680018
	 4127	0.588229
	 4128	0.599893
	 4129	0.403956
	 4130	-0.0894582
	 4131	0.0803896
	 4132	0.663961
	 4133	0.698752
	 4134	0.468279
	 4135	0.447363
	 4136	0.467147
	 4137	0.304878
	 4138	0.567411
	 4139	0.920919
	 4140	0.767457
	 4141	0.304606
	 4142	-0.00548354
	 4143	0.231023
	 4144	0.229614
	 4145	0.415616
	 4146	0.720398
	 4147	0.670473
	 4148	0.258811
	 4149	0.246623
	 4150	0.660616
	 4151	0.727546
	 4152	0.624252
	 4153	0.663515
	 4154	0.555965
	 4155	0.171992
	 4156	0.0977831
	 4157	0.4909
	 4158	0.487949
	 4159	0.232714
	 4160	0.374395
	 4161	0.604254
	 4162	0.399345
	 4163	0.289425
	 4164	0.582107
	 4165	0.596719
	 4166	0.167037
	 4167	-0.0310227
	 4168	0.198257
	 4169	0.0817835
	 4170	0.029584
	 4171	0.344917
	 4172	0.429052
	 4173	0.0747505
	 4174	0.0653958
	 4175	0.457886
	 4176	0.473421
	 4177	0.385565
	 4178	0.531649
	 4179	0.49112
	 4180	0.0665611
	 4181	0.0246065
	 4182	0.418039
	 4183	0.429658
	 4184	0.191613
	 4185	0.433488
	 4186	0.763738
	 4187	0.624129
	 4188	0.493384
	 4189	0.750566
	 4190	0.791073
	 4191	0.544047
	 4192	0.353341
	 4193	0.484627
	 4194	0.434573
	 4195	0.364918
	 4196	0.602052
	 4197	0.70756
	 4198	0.506664
	 4199	0.430993
	 4200	0.705922
	 4201	0.690024
	 4202	0.662873
	 4203	0.768885
	 4204	0.638803
	 4205	0.0746117
	 4206	-0.285125
	 4207	0.34901
	 4208	0.662543
	 4209	0.572697
	 4210	0.476729
	 4211	0.344152
	 4212	-0.179381
	 4213	-0.00281703
	 4214	0.789741
	 4215	0.99333
	 4216	0.615016
	 4217	-0.108759
	 4218	-0.577961
	 4219	-0.498304
	 4220	0.0937204
	 4221	0.730704
	 4222	0.731658
	 4223	0.0541872
	 4224	-0.679528
	 4225	-0.236109
	 4226	0.23139
	 4227	0.600985
	 4228	0.862066
	 4229	0.635617
	 4230	-0.360321
	 4231	-0.636741
	 4232	0.079211
	 4233	0.496126
	 4234	0.529545
	 4235	0.539016
	 4236	0.47779
	 4237	0.0636912
	 4238	0.0885505
	 4239	0.666981
	 4240	0.799354
	 4241	0.549819
	 4242	0.36536
	 4243	0.439162
	 4244	0.292298
	 4245	0.112925
	 4246	0.398765
	 4247	0.533324
	 4248	0.395794
	 4249	0.669219
	 4250	0.971268
	 4251	0.810622
	 4252	0.516036
	 4253	0.501337
	 4254	0.635294
	 4255	0.649089
	 4256	0.694198
	 4257	0.741629
	 4258	0.475451
	 4259	-0.0794298
	 4260	0.20031
	 4261	0.717939
	 4262	0.728892
	 4263	0.679295
	 4264	0.717114
	 4265	0.544734
	 4266	0.130567
	 4267	0.257845
	 4268	0.574528
	 4269	0.442463
	 4270	0.0968208
	 4271	0.249067
	 4272	0.451648
	 4273	0.296976
	 4274	0.304541
	 4275	0.615751
	 4276	0.552045
	 4277	0.544547
	 4278	0.773946
	 4279	0.747218
	 4280	0.450751
	 4281	0.196901
	 4282	0.437188
	 4283	0.495489
	 4284	0.486547
	 4285	0.793777
	 4286	0.838476
	 4287	0.600141
	 4288	0.561829
	 4289	0.896884
	 4290	0.893997
	 4291	0.801238
	 4292	0.855687
	 4293	0.803584
	 4294	0.57659
	 4295	0.444136
	 4296	0.789995
	 4297	0.910448
	 4298	0.80041
	 4299	0.72948
	 4300	0.711468
	 4301	0.682113
	 4302	0.836632
	 4303	1.01963
	 4304	0.884318
	 4305	0.677417
	 4306	0.593149
	 4307	0.724867
	 4308	0.661884
	 4309	0.561727
	 4310	0.774954
	 4311	0.856106
	 4312	0.716309
	 4313	0.803785
	 4314	1.00157
	 4315	0.855666
	 4316	0.724259
	 4317	0.793591
	 4318	0.919041
	 4319	0.766371
	 4320	0.701044
	 4321	0.731279
	 4322	0.634943
	 4323	0.464406
	 4324	0.688291
	 4325	0.927357
	 4326	0.792149
	 4327	0.72
	 4328	0.707308
	 4329	0.636375
	 4330	0.454314
	 4331	0.567803
	 4332	0.771931
	 4333	0.525783
	 4334	0.0503451
	 4335	0.165824
	 4336	0.433349
	 4337	0.507576
	 4338	0.698225
	 4339	0.8644
	 4340	0.644176
	 4341	0.155119
	 4342	0.253039
	 4343	0.614413
	 4344	0.561521
	 4345	0.46957
	 4346	0.500277
	 4347	0.266956
	 4348	-0.0800553
	 4349	0.386733
	 4350	0.878964
	 4351	0.850052
	 4352	0.690955
	 4353	0.636233
	 4354	0.489768
	 4355	0.267094
	 4356	0.558275
	 4357	0.820482
	 4358	0.60979
	 4359	0.0954578
	 4360	-0.0112906
	 4361	0.163206
	 4362	0.318693
	 4363	0.767669
	 4364	0.908318
	 4365	0.563619
	 4366	-0.150366
	 4367	-0.0802682
	 4368	0.319838
	 4369	0.369343
	 4370	0.43979
	 4371	0.430117
	 4372	-0.146355
	 4373	-0.723077
	 4374	-0.151523
	 4375	0.534771
	 4376	0.639024
	 4377	0.519982
	 4378	0.247048
	 4379	-0.226265
	 4380	-0.362906
	 4381	0.159533
	 4382	0.570409
	 4383	0.392839
	 4384	-0.181337
	 4385	-0.400623
	 4386	-0.325458
	 4387	-0.155321
	 4388	0.294941
	 4389	0.62904
	 4390	0.309024
	 4391	-0.360251
	 4392	-0.201495
	 4393	0.100036
	 4394	-0.0322327
	 4395	-0.123467
	 4396	0.0326136
	 4397	-0.118047
	 4398	-0.48088
	 4399	-0.259064
	 4400	0.192102
	 4401	0.225053
	 4402	0.102192
	 4403	0.214955
	 4404	0.175382
	 4405	-0.11107
	 4406	0.0639514
	 4407	0.322844
	 4408	0.191275
	 4409	-0.0900529
	 4410	-0.0576624
	 4411	-0.0348751
	 4412	-0.131784
	 4413	0.260071
	 4414	0.689924
	 4415	0.531648
	 4416	-0.0234176
	 4417	-0.0400806
	 4418	0.185224
	 4419	0.0812547
	 4420	0.108438
	 4421	0.302174
	 4422	0.0475015
	 4423	-0.452934
	 4424	-0.232024
	 4425	0.225578
	 4426	0.258328
	 4427	0.159537
	 4428	0.335216
	 4429	0.278372
	 4430	-0.049041
	 4431	0.0201934
	 4432	0.205559
	 4433	-0.0748509
	 4434	-0.317599
	 4435	0.0317772
	 4436	0.219973
	 4437	-0.0536098
	 4438	-0.223407
	 4439	-0.0233244
	 4440	-0.0764795
	 4441	-0.0665613
	 4442	0.410921
	 4443	0.503021
	 4444	-0.172992
	 4445	-0.823192
	 4446	-0.490235
	 4447	-0.171491
	 4448	-0.0550646
	 4449	0.213692
	 4450	0.213738
	 4451	-0.358156
	 4452	-0.578196
	 4453	0.0380774
	 4454	0.423775
	 4455	0.382808
	 4456	0.243817
	 4457	0.107663
	 4458	-0.315507
	 4459	-0.406976
	 4460	0.124141
	 4461	0.396034
	 4462	0.185202
	 4463	0.120273
	 4464	0.368195
	 4465	0.345334
	 4466	0.271737
	 4467	0.53801
	 4468	0.609081
	 4469	0.314079
	 4470	0.246786
	 4471	0.502681
	 4472	0.373172
	 4473	-0.00133944
	 4474	0.21539
	 4475	0.538873
	 4476	0.457439
	 4477	0.515589
	 4478	0.774276
	 4479	0.68556
	 4480	0.270214
	 4481	0.215442
	 4482	0.566685
	 4483	0.564987
	 4484	0.401121
	 4485	0.36145
	 4486	0.177461
	 4487	-0.105759
	 4488	0.294382
	 4489	0.729007
	 4490	0.7098
	 4491	0.495057
	 4492	0.506009
	 4493	0.444948
	 4494	0.0345635
	 4495	0.116693
	 4496	0.450056
	 4497	0.169677
	 4498	-0.32831
	 4499	-0.051319
	 4500	0.197534
	 4501	-0.177447
	 4502	-0.416388
	 4503	-0.113594
	 4504	0.0252007
	 4505	-0.0397887
	 4506	0.0229954
	 4507	-0.212531
	 4508	-0.999813
	 4509	-1.00348
	 4510	-0.553476
	 4511	-0.213638
	 4512	-0.204716
	 4513	-0.302524
	 4514	-0.755414
	 4515	-1.20931
	 4516	-0.816141
	 4517	-0.0777224
	 4518	0.260688
	 4519	-0.462308
	 4520	-1.04736
	 4521	-1.13957
	 4522	-1.16728
	 4523	-0.720721
	 4524	-0.169906
	 4525	-0.0923309
	 4526	-1.10947
	 4527	-1.16435
	 4528	-0.815387
	 4529	-0.690365
	 4530	-0.308792
	 4531	0.0586734
	 4532	-0.418465
	 4533	-1.47434
	 4534	-0.904611
	 4535	-0.738867
	 4536	-0.527349
	 4537	-0.411645
	 4538	-0.476124
	 4539	-0.685705
	 4540	-1.235
	 4541	-0.810138
	 4542	-0.353545
	 4543	-0.0949913
	 4544	-0.562816
	 4545	-0.794923
	 4546	-0.793579
	 4547	-1.14824
	 4548	-0.8597
	 4549	-0.584001
	 4550	-0.579051
	 4551	-0.907966
	 4552	-0.802831
	 4553	-0.509624
	 4554	-0.76707
	 4555	-0.905808
	 4556	-0.70791
	 4557	-0.751703
	 4558	-1.11109
	 4559	-0.94249
	 4560	-0.835483
	 4561	-1.05623
	 4562	-1.02535
	 4563	-0.843081
	 4564	-0.867735
	 4565	-1.138
	 4566	-0.921175
	 4567	-0.766581
	 4568	-0.982742
	 4569	-1.14368
	 4570	-0.89837
	 4571	-1.02758
	 4572	-1.20105
	 4573	-0.86739
	 4574	-0.776974
	 4575	-1.05565
	 4576	-1.20388
	 4577	-0.903422
	 4578	-0.876272
	 4579	-1.05958
	 4580	-0.959873
	 4581	-0.705571
	 4582	-0.816033
	 4583	-1.38492
	 4584	-0.870199
	 4585	-0.860923
	 4586	-1.00304
	 4587	-0.955727
	 4588	-0.677255
	 4589	-0.740124
	 4590	-1.09784
	 4591	-0.93246
	 4592	-0.629434
	 4593	-0.430236
	 4594	-0.551362
	 4595	-0.605408
	 4596	-0.743409
	 4597	-1.15834
	 4598	-0.876606
	 4599	-0.444249
	 4600	-0.0836375
	 4601	-0.487357
	 4602	-0.690226
	 4603	-0.439666
	 4604	-0.513806
	 4605	-0.501554
	 4606	0.049244
	 4607	0.307542
	 4608	-0.188777
	 4609	-0.792908
	 4610	-0.495907
	 4611	-0.263366
	 4612	-0.212885
	 4613	0.0279773
	 4614	0.171149
	 4615	-0.129344
	 4616	-0.301488
	 4617	0.109324
	 4618	0.312349
	 4619	0.151609
	 4620	0.120296
	 4621	0.206958
	 4622	-0.0829609
	 4623	-0.359383
	 4624	-0.0608619
	 4625	0.150254
	 4626	-0.135934
	 4627	-0.257729
	 4628	0.0531511
	 4629	0.0537412
	 4630	-0.210268
	 4631	-0.0328861
	 4632	0.20159
	 4633	-0.103956
	 4634	-0.569765
	 4635	-0.422903
	 4636	-0.349565
	 4637	-0.586437
	 4638	-0.492687
	 4639	-0.198715
	 4640	-0.355157
	 4641	-0.506791
	 4642	-0.16834
	 4643	-0.075528
	 4644	-0.458488
	 4645	-0.499224
	 4646	-0.118071
	 4647	-0.202227
	 4648	-0.51132
	 4649	-0.365371
	 4650	-0.389371
	 4651	-0.801631
	 4652	-0.549566
	 4653	0.214226
	 4654	0.469084
	 4655	0.143354
	 4656	-0.327621
	 4657	-0.373887
	 4658	-0.388053
	 4659	-0.0468864
	 4660	0.503591
	 4661	0.463718
	 4662	-0.38796
	 4663	-0.905424
	 4664	-0.556462
	 4665	-0.012322
	 4666	0.452528
	 4667	0.752793
	 4668	0.395509
	 4669	-0.855516
	 4670	-0.82687
	 4671	-0.133665
	 4672	0.382018
	 4673	0.39493
	 4674	0.117479
	 4675	-0.72236
	 4676	-1.19109
	 4677	-0.786138
	 4678	0.272405
	 4679	0.733873
	 4680	0.589797
	 4681	-0.326982
	 4682	-0.802733
	 4683	-0.760655
	 4684	-0.219338
	 4685	0.501838
	 4686	0.623883
	 4687	-0.238638
	 4688	-1.02773
	 4689	-0.701668
	 4690	-0.397849
	 4691	0.169694
	 4692	0.613649
	 4693	0.467812
	 4694	-0.546519
	 4695	-0.817526
	 4696	-0.238309
	 4697	0.150604
	 4698	0.028241
	 4699	0.0389755
	 4700	-0.175042
	 4701	-0.722905
	 4702	-0.757127
	 4703	-0.0133357
	 4704	0.479931
	 4705	0.349651
	 4706	0.000485409
	 4707	-0.157565
	 4708	-0.348729
	 4709	-0.263688
	 4710	0.292167
	 4711	0.503918
	 4712	0.0719853
	 4713	-0.672479
	 4714	-0.533866
	 4715	-0.29557
	 4716	0.203178
	 4717	0.721187
	 4718	0.76288
	 4719	0.0182641
	 4720	-0.840226
	 4721	-0.249971
	 4722	0.236331
	 4723	0.342967
	 4724	0.358928
	 4725	0.0233319
	 4726	-0.759487
	 4727	-0.830206
	 4728	-0.171295
	 4729	0.431904
	 4730	0.363424
	 4731	0.0207134
	 4732	-0.251666
	 4733	-0.504553
	 4734	-0.561633
	 4735	-0.155246
	 4736	-0.0183899
	 4737	-0.487457
	 4738	-0.666135
	 4739	-0.368255
	 4740	-0.388483
	 4741	-0.647142
	 4742	-0.38866
	 4743	-0.140666
	 4744	-0.355147
	 4745	-0.412424
	 4746	-0.0792759
	 4747	-0.307922
	 4748	-1.05605
	 4749	-0.821015
	 4750	-0.480498
	 4751	-0.381088
	 4752	-0.427084
	 4753	-0.22125
	 4754	-0.366714
	 4755	-0.818981
	 4756	-0.476113
	 4757	0.184326
	 4758	0.238601
	 4759	-0.0902035
	 4760	-0.201504
	 4761	-0.264179
	 4762	-0.46624
	 4763	-0.343068
	 4764	0.132925
	 4765	0.198013
	 4766	-0.0979478
	 4767	-0.0506172
	 4768	0.236282
	 4769	0.208237
	 4770	0.138694
	 4771	0.317705
	 4772	0.312338
	 4773	0.0479192
	 4774	0.159289
	 4775	0.357233
	 4776	0.0527762
	 4777	-0.250901
	 4778	0.16977
	 4779	0.566526
	 4780	0.635911
	 4781	0.718376
	 4782	0.648892
	 4783	0.164681
	 4784	-0.388086
	 4785	0.288878
	 4786	0.823908
	 4787	0.665437
	 4788	0.203061
	 4789	-0.19695
	 4790	-0.372787
	 4791	-0.119923
	 4792	0.568624
	 4793	0.905743
	 4794	0.647278
	 4795	-0.0521699
	 4796	-0.307016
	 4797	-0.149109
	 4798	0.0244591
	 4799	0.320728
	 4800	0.373174
	 4801	-0.375465
	 4802	-0.857526
	 4803	-0.430979
	 4804	0.0148872
	 4805	-0.182957
	 4806	-0.292219
	 4807	-0.0357822
	 4808	-0.241532
	 4809	-0.719529
	 4810	-0.537346
	 4811	-0.333742
	 4812	-0.668419
	 4813	-0.825078
	 4814	-0.499845
	 4815	-0.389554
	 4816	-0.662032
	 4817	-0.592655
	 4818	-0.445558
	 4819	-0.567845
	 4820	-0.555324
	 4821	-0.125502
	 4822	-0.122623
	 4823	-0.814098
	 4824	-0.915428
	 4825	-0.629332
	 4826	-0.567382
	 4827	-0.491571
	 4828	-0.102055
	 4829	-0.0536508
	 4830	-0.595724
	 4831	-0.687739
	 4832	-0.0316552
	 4833	0.323489
	 4834	0.167689
	 4835	0.0815593
	 4836	0.0777683
	 4837	-0.23773
	 4838	-0.346726
	 4839	0.0526708
	 4840	0.275751
	 4841	0.0847122
	 4842	0.0393475
	 4843	0.334614
	 4844	0.360616
	 4845	0.166991
	 4846	0.302406
	 4847	0.422725
	 4848	0.164709
	 4849	0.149071
	 4850	0.445306
	 4851	0.310538
	 4852	-0.195699
	 4853	-0.221413
	 4854	0.195672
	 4855	0.391757
	 4856	0.509661
	 4857	0.652513
	 4858	0.393275
	 4859	-0.335144
	 4860	-0.270227
	 4861	0.264694
	 4862	0.389355
	 4863	0.0681933
	 4864	-0.234838
	 4865	-0.410372
	 4866	-0.616749
	 4867	-0.414008
	 4868	0.24535
	 4869	0.396201
	 4870	-0.131641
	 4871	-0.567211
	 4872	-0.365066
	 4873	-0.370831
	 4874	-0.475303
	 4875	-0.169438
	 4876	-0.182399
	 4877	-0.73498
	 4878	-0.862037
	 4879	-0.40279
	 4880	-0.171913
	 4881	-0.232384
	 4882	-0.0478773
	 4883	0.0536629
	 4884	-0.295421
	 4885	-0.405011
	 4886	-0.00327587
	 4887	0.0531627
	 4888	-0.299744
	 4889	-0.302031
	 4890	-0.00288092
	 4891	-0.0842914
	 4892	-0.298986
	 4893	0.0711495
	 4894	0.395448
	 4895	0.204952
	 4896	0.106946
	 4897	0.442844
	 4898	0.475525
	 4899	0.0954386
	 4900	0.00509486
	 4901	0.272329
	 4902	0.280697
	 4903	0.289702
	 4904	0.567095
	 4905	0.622015
	 4906	0.440957
	 4907	0.5954
	 4908	0.852016
	 4909	0.815508
	 4910	0.732777
	 4911	0.833711
	 4912	0.771111
	 4913	0.564299
	 4914	0.630442
	 4915	0.936465
	 4916	0.853067
	 4917	0.748498
	 4918	0.961999
	 4919	1.00145
	 4920	0.85901
	 4921	0.895041
	 4922	1.04305
	 4923	0.968975
	 4924	0.814698
	 4925	0.907503
	 4926	1.03091
	 4927	0.856583
	 4928	0.757515
	 4929	0.874931
	 4930	0.925028
	 4931	0.836778
	 4932	0.900708
	 4933	1.02115
	 4934	0.873148
	 4935	0.76008
	 4936	0.836478
	 4937	0.855814
	 4938	0.659675
	 4939	0.464951
	 4940	0.633367
	 4941	0.681347
	 4942	0.439659
	 4943	0.418061
	 4944	0.737886
	 4945	0.65177
	 4946	0.476801
	 4947	0.508823
	 4948	0.613675
	 4949	0.401308
	 4950	0.311493
	 4951	0.585446
	 4952	0.473623
	 4953	-0.0266712
	 4954	-0.0568894
	 4955	0.377404
	 4956	0.544252
	 4957	0.654554
	 4958	0.798396
	 4959	0.590608
	 4960	-0.00340022
	 4961	-0.131282
	 4962	0.452878
	 4963	0.642433
	 4964	0.418204
	 4965	0.142917
	 4966	-0.107145
	 4967	-0.448956
	 4968	-0.0529479
	 4969	0.628237
	 4970	0.775697
	 4971	0.427986
	 4972	-0.0833962
	 4973	-0.210447
	 4974	-0.218898
	 4975	0.0823238
	 4976	0.564892
	 4977	0.390016
	 4978	-0.644299
	 4979	-0.747399
	 4980	-0.262756
	 4981	0.0721757
	 4982	0.157226
	 4983	0.349864
	 4984	0.133928
	 4985	-0.600212
	 4986	-0.692484
	 4987	-0.169057
	 4988	0.116273
	 4989	-0.1714
	 4990	-0.370199
	 4991	-0.521979
	 4992	-0.805334
	 4993	-0.640524
	 4994	-0.0516841
	 4995	0.0738359
	 4996	-0.298793
	 4997	-0.253286
	 4998	-0.166428
	 4999	-0.467442
	 5000	-0.546963
	 5001	-0.11058
	 5002	-0.106589
	 5003	-0.615388
	 5004	-0.578043
	 5005	-0.13972
	 5006	-0.073097
	 5007	-0.140875
	 5008	0.207216
	 5009	0.367154
	 5010	-0.0806142
	 5011	-0.365758
	 5012	0.0140139
	 5013	0.287309
	 5014	0.257515
	 5015	0.1792
	 5016	-0.144501
	 5017	-0.652808
	 5018	-0.419782
	 5019	0.356522
	 5020	0.691781
	 5021	0.536496
	 5022	0.120021
	 5023	-0.238038
	 5024	-0.535386
	 5025	-0.188435
	 5026	0.495373
	 5027	0.547064
	 5028	-0.271839
	 5029	-0.848793
	 5030	-0.500479
	 5031	-0.242332
	 5032	-0.109986
	 5033	0.225602
	 5034	0.185003
	 5035	-0.450544
	 5036	-0.671207
	 5037	-0.36656
	 5038	-0.476962
	 5039	-0.814376
	 5040	-0.710872
	 5041	-0.61148
	 5042	-0.86988
	 5043	-0.71467
	 5044	-0.588295
	 5045	-0.846644
	 5046	-1.17488
	 5047	-0.720552
	 5048	-0.216958
	 5049	-0.501432
	 5050	-1.1275
	 5051	-0.983971
	 5052	-1.1373
	 5053	-0.934199
	 5054	-0.726287
	 5055	-0.274744
	 5056	-0.691991
	 5057	-1.31085
	 5058	-0.929237
	 5059	-0.790494
	 5060	-0.633153
	 5061	-0.170281
	 5062	-0.148486
	 5063	-1.05423
	 5064	-1.35567
	 5065	-0.751034
	 5066	-0.562446
	 5067	-0.122086
	 5068	-0.0943209
	 5069	-0.404957
	 5070	-1.16765
	 5071	-1.19884
	 5072	-0.555893
	 5073	0.440232
	 5074	0.497031
	 5075	0.0110348
	 5076	-0.803641
	 5077	-0.816859
	 5078	-0.834761
	 5079	-0.260952
	 5080	0.487584
	 5081	0.552883
	 5082	-0.0501113
	 5083	-0.438401
	 5084	-0.0521487
	 5085	0.273374
	 5086	0.553182
	 5087	0.770308
	 5088	0.528539
	 5089	-0.232134
	 5090	-0.366054
	 5091	0.153327
	 5092	0.372019
	 5093	0.432297
	 5094	0.606139
	 5095	0.45399
	 5096	-0.117428
	 5097	0.0193231
	 5098	0.646616
	 5099	0.750292
	 5100	0.387477
	 5101	0.0501901
	 5102	-0.0715693
	 5103	-0.371008
	 5104	-0.292112
	 5105	0.175016
	 5106	0.353345
	 5107	-0.105292
	 5108	-0.560797
	 5109	-0.303723
	 5110	-0.109647
	 5111	-0.0266984
	 5112	0.21454
	 5113	0.00308984
	 5114	-0.817289
	 5115	-0.933165
	 5116	-0.582583
	 5117	-0.472751
	 5118	-0.529891
	 5119	-0.330463
